228
4744
-4150
2676
1957
175
1968
2181
-2485
3175
4316
-747
-2909
2357
-4319
2595
-2796
1911
-4870
-1520
-2801
1530
-3050
-4989
1858
4002
3632
-4218
3831
-1894
3676
-3696
-2934
-2888
-1298
4528
263
-1668
-4284
290
-4543
-123
-780
3457
-160
1696
2496
-4470
4274
-626
-2971
1225
4002
-4016
2484
515
1189
-2590
1927
-4849
1073
4945
-3307
-4655
2536
-1766
-4031
-3165
-2894
-3855
1757
-4430
-3334
506
-4724
4707
4735
4728
-940
1281
4602
4624
402
-3291
2927
4265
-3544
1536
-4404
2674
-2894
-73
-786
-1953
4102
-4101
-3709
4114
1705
-3101
-245
2210
1966
2185
-328
-4789
-167
-1969
3636
-1854
-1518
-372
-3983
162
421
1494
-821
3752
2358
413
4426
-969
4627
-4478
708
-3031
-527
-925
-2001
-1261
1688
2692
-2012
2116
-2021
3418
-1185
-1350
-3969
-2073
-4173
209
4845
-3826
-326
-1064
-2334
1138
538
2033
4355
3391
-2812
-3307
398
2196
-859
-1598
684
-4116
-3281
-4413
2707
88
4994
-118
2248
3962
884
-3412
-3391
-1599
512
-1495
-279
3052
-1862
3046
-2788
-4580
2176
3481
-2766
2330
-867
-1664
-455
-3054
3319
-4177
-3430
-2037
3016
676
-1202
548
-3031
2361
-2374
93
4282
4837
2149
-3057
-4769
-4881
3482
4921
-2203
-3456
-1575
-4376
-926
-4205
-1753
754
-3111
1020
1206
-2321
-2771
1923
-2592
-1164
2797
-2068
-2659
4461
4878
2628
3396
-3833
-4490
-1271
-3875
519
132
3606
-4187
-4262
1470
1578
2683
4058
4466
2244
-2617
1594
4894
3197
4970
303
2315
3890
-4495
-3830
1187
3261
-4365
3046
-3325
-961
650
4538
-2516
-468
-1010
-3428
1812
-2974
-1684
4467
4409
1335
-74
87
-1403
3871
-347
3047
-1779
3223
633
-138
-844
-4063
3393
2819
1773
1068
165
515
4526
-2001
3296
-1843
-3201
-3198
956
4274
-4287
616
-26
1559
-4101
-2723
-3216
3937
672
920
-2427
-1300
2573
-1634
1351
-1768
3342
-1549
4836
2368
4944
-4291
-1897
2088
-3055
4023
2059
3874
1076
2270
-2678
-4867
-144
2684
1988
-4676
728
462
1627
-3922
2181
3412
-4341
4014
-3808
-219
-697
1401
4396
-195
2495
1720
3487
-2732
4205
-3271
-415
-949
-2370
1006
782
1430
-1010
322
2662
-1615
1836
4467
-1165
1632
-1363
1665
-3990
-825
-1236
-1983
3402
-942
-4433
478
-3934
-3454
-1596
-1827
1743
1461
75
-2373
947
-4592
2349
-4667
-2639
300
2682
195
2101
2539
1169
-3117
4961
-2731
-3096
558
-3903
899
-3925
2169
80
3303
4385
-4071
-2908
-106
2058
4483
2964
-1804
4100
1040
-1383
-1990
1981
-2598
-4974
-4571
947
-4186
4354
1806
-601
-3506
-2715
-1934
4768
3225
-1712
654
-1988
1865
-3723
41
4353
-2560
3206
-194
-1406
-3456
1169
4388
-2467
-2642
-2391
4812
-3167
738
4261
-1050
2813
-50
-2558
-449
3843
4456
-4748
-4869
-549
582
-967
4492
-3916
-3259
2542
-4755
-4235
-1242
555
-195
-2830
3622
-678
3675
-1590
-1240
-778
3674
-547
3537
877
3345
-373
-2481
1655
-4654
-2696
2071
-1855
1300
843
-2294
-1070
-208
1989
-2605
2447
4693
-2305
3695
2249
1144
1453
-3366
-700
-3397
-2849
-3614
-3277
2056
4245
2026
4895
-4261
-4798
-2867
1319
-4470
-486
-2771
961
3969
3301
1607
-3186
942
3333
-43
2459
4950
3012
-4896
787
3394
4759
4511
-2637
554
-1
-1424
4950
2315
2846
-2686
-2322
-1752
198
-1443
2404
-4421
-3043
4207
2103
-3450
-1923
2883
-4960
-357
3176
2496
1798
-3276
-3224
4315
3613
1407
-924
-3286
346
1898
4959
-2201
1441
3351
4251
2140
1727
-4724
-5
337
3364
-4582
1958
-4640
-808
4151
1863
4945
1678
3418
2416
4807
4918
-3101
1615
-4682
-3556
-2108
617
3839
189
-4816
1107
409
3258
-2145
-3200
-3474
-458
1211
4917
-3953
873
-4406
2040
-3019
-601
-2936
-4970
-3691
-2341
-3008
-3853
3551
316
2950
140
2916
-2174
596
-4391
-3743
2833
-1792
-3249
-4900
-2908
1447
4226
-3974
4326
-1160
2999
-2006
-3095
4511
3015
3410
1545
3884
2463
2356
-2118
4703
3781
-1796
3998
-2077
3525
-3303
-1228
-428
2617
-4683
2618
-4130
-1737
-1229
1539
-4476
-92
-172
-1309
3577
4294
4134
1783
3950
2343
3546
-1743
2441
3958
1776
4705
126
3832
-479
-1808
-451
4284
2505
918
-9
1451
2575
2123
2750
-1426
1906
-1926
-3415
4122
-4895
2626
4752
-4170
-3081
1142
-4486
-4595
-2622
3412
353
-897
2623
-2733
-2209
-3614
1523
1061
-73
1574
-2984
2460
-2254
4965
-1934
3737
2580
-4471
-2147
-4049
1034
-3080
-1499
406
4611
-3653
-4655
3468
-2744
-3492
445
-2122
3401
1725
339
244
4822
2790
-1178
866
-650
-3770
1706
-1974
-4808
4731
-3517
3959
1844
-1044
3368
389
-4356
4003
-2604
3812
1540
-200
-1879
-3876
-661
105
4545
2426
821
-2122
2562
-3192
1847
3032
-4419
170
-1073
-2622
-1964
-3547
4141
-3105
2389
4026
-543
4891
-584
-720
4306
2686
-2511
-2752
2888
-3117
-1855
-3574
-3640
-3258
144
580
-3479
4332
-2209
-3581
1239
2237
-3827
4498
4516
4188
4728
-3985
-4522
-3609
-2882
-3083
-3071
-2423
3231
4004
4097
-2787
-2544
925
1075
4366
4463
-3255
-1423
1929
-2258
-294
57
612
3534
-3175
-4550
-696
4762
-4499
-1350
1097
1804
1213
-3162
-2202
-3664
-4851
2710
-2324
4291
-2059
-3188
-2059
1687
416
4826
-4834
2822
2767
-1955
4326
1760
-1619
-1063
3297
2916
-1810
2674
-2499
4823
-352
-3531
-1828
-4237
-1100
-383
4432
3071
3190
1621
-4330
-3865
-3737
-313
-3912
88
-196
3566
2710
1002
4959
1885
495
-2038
2835
1501
-4247
-4781
4006
-3738
4368
4761
4943
-4951
3051
-3070
-3226
-4884
-4022
4112
1603
-3293
-3236
3855
2606
3479
3309
3272
-2443
-2106
-452
-1840
2125
-3304
2506
-112
4256
-4151
3774
-511
-1963
-3961
-1834
-2893
-483
-1366
-4680
3483
-1352
4346
2583
-969
-4312
-1262
2865
2847
-3922
-2976
1413
3050
-2239
629
2962
-2822
-3459
223
-4134
-3195
-249
2864
3829
-639
-1265
-4853
-3662
-2405
4734
-4629
712
2115
-4529
3456
-2629
-2696
-374
-1721
-2053
652
1499
4564
-1322
-61
3249
4623
2253
-1794
1987
-424
-2525
798
-403
-2008
-2654
-3641
1576
-1210
2408
2147
-3609
-1806
4095
-2737
-275
2817
-2693
-314
-2179
2694
-3284
-4664
-1783
-4087
899
-4713
-484
3991
2896
-1026
-1229
-586
-3254
-977
-1867
3587
-2536
-4633
4404
378
3005
-1537
1372
-3743
-4207
-3038
-4536
1730
2473
4166
-2028
4643
3145
4393
4732
323
-4624
1225
4979
3043
-1279
-2880
4481
-2386
4850
4971
948
-1865
1965
4917
-4969
-530
3316
-3660
2528
-1234
481
-2848
-1934
2198
4651
-1941
-285
-3406
4069
4642
-2440
-3163
1409
-3937
-2307
389
1090
-3417
-159
4563
-2049
2327
-4291
-2202
3123
-2234
2101
-2781
-3679
2582
4295
2875
-588
4621
-239
-4383
1477
1723
3103
4934
2646
-1945
-1518
-2589
-4389
2218
-4548
-2894
-4024
-1289
-4169
3450
2469
-4058
-3419
1317
4687
3708
-2862
-2721
-1304
3833
-4282
-483
494
1917
-3497
-4168
-4567
423
4412
-3547
-4882
-3988
-3028
2866
1025
-4175
2468
-4385
-1017
2037
-2457
3494
-2279
4461
-1360
2648
1189
797
3507
4902
4958
-3424
4209
4249
-2637
-4635
4394
-3138
-1571
-3114
29
-3695
1906
2053
2907
-2859
1879
-4650
3098
4366
2851
-541
4965
-4197
4238
-1696
-4127
-4941
1672
-4980
-4262
-965
1926
1536
-2469
4129
4423
1655
2861
-168
260
106
4023
-832
246
2247
675
1553
3090
-1891
-703
-4988
-1681
455
2261
1230
-2167
2946
-1764
-4198
-1411
1341
1996
2498
-332
2540
1241
570
-1955
1881
-2621
-4615
-2749
376
4733
-828
206
2165
-2663
-4407
-2715
-1364
2558
-4491
1121
1636
4796
4754
1916
-4327
3238
4945
-904
-3276
-258
4207
4525
2362
-3074
2679
2106
-2210
2610
1653
-755
-4957
452
4914
-451
-286
-3345
1377
1044
-4123
-4203
-3484
2331
-3202
3836
668
-4435
2214
4819
2891
4349
-2778
-1822
1368
2260
-501
495
1294
1314
1962
1421
3249
-394
-3984
479
2302
1976
4580
-1877
-3602
-4988
3884
1609
-4377
-2447
-4551
-1942
-2881
-1921
3216
-666
3950
-3264
4341
4717
-882
589
182
4911
-3918
-3703
1969
-2968
4864
738
-1997
2563
588
-3085
2574
-1793
1811
-1241
4295
3183
2977
1353
1641
-2678
4287
4695
1529
1667
-4116
-2316
-3577
-2588
4743
4540
2941
-3373
3334
-1758
215
-713
-1401
-1850
-2576
3011
-1872
3634
2949
-4352
1732
-1421
1223
-1126
1093
2277
1283
-2287
-95
-2969
-2554
335
1739
1646
-4353
2217
-2554
-1514
-4171
1871
608
-238
-3055
3101
2249
-3612
2314
-4108
1326
2313
-4789
-1837
2534
-916
-3805
3086
-1095
-4166
697
-2911
-4168
3749
-646
1646
2365
2546
4513
1762
-4480
-3586
-4735
277
978
-915
4338
-2608
3210
-1069
-1819
2201
-342
4027
-4746
-2342
-3075
-2268
-3571
-4719
4447
-52
17
4608
1033
1349
3274
-2557
-665
-2780
-1919
-1055
2600
-184
230
3916
3330
2231
-3522
-173
-3953
-2764
1207
2583
3880
397
3689
3211
3436
-4943
3034
820
-4564
-2577
1470
-1952
4663
-2935
-2310
4739
-3331
1319
1091
-3492
-446
-4296
-968
-2826
4962
-2428
-1351
-4294
-3509
-2595
-1534
-4446
-4277
-1501
4439
792
4215
-3130
-2722
893
-1515
3590
-1148
-1242
150
-793
-4371
3393
2131
4097
-4692
-3035
51
3875
2234
-3369
3879
-681
1559
-3687
-4413
-3055
-2870
-3427
-2743
33
-2697
-1945
2946
-3368
-2420
-448
-3796
-4441
951
1575
3851
-542
-2680
1090
2749
2004
926
1218
1631
-980
-4415
-3612
2453
693
2188
452
266
-4636
3525
3436
-4748
1162
2650
3035
4594
3577
-3655
4545
1190
2996
4396
-219
1177
-4545
-721
-4455
-4561
-1659
4559
3878
584
3848
-79
-2159
1712
-3166
4028
-1841
3940
538
213
-2891
-1135
259
-4491
-1145
-133
2767
3993
1618
1414
2273
4101
2214
-939
2624
325
-581
781
2791
3986
-3676
-1307
-3895
-3522
-4143
3356
1170
4076
-514
3654
-2168
-3410
-3831
-4844
-976
1789
-1167
2448
2654
1887
-3862
-1966
4036
3960
-947
-2350
-2885
4031
-245
-4325
-3120
-3221
-686
-9
-4203
-4341
3993
2396
-1304
-2673
-4539
4547
-1359
-1546
350
-1262
3397
2116
2860
-2827
-4488
-3072
59
4605
1423
3368
2589
-2476
-1069
-2847
-4466
1852
258
4750
4131
3172
-4769
-3380
572
4822
-934
3433
-1416
-1136
-4534
1887
-2440
4669
3254
-416
4316
-1601
-2717
1519
3513
-4933
-1112
2233
1964
-3856
1693
2734
-2952
-1323
-2494
-1376
-3061
-2337
1276
4775
-4305
349
3066
-2658
3740
1584
4389
-4691
3770
201
-1754
-3132
-924
4721
-1614
609
-1895
-1457
-96
-1009
2060
-3014
1532
4603
-2020
-901
228
1363
-83
-195
-3329
3886
-2779
-3324
-1219
-4382
2291
-1289
-2136
4902
-2663
1404
-278
-1676
4234
-3409
3946
3162
3870
-1554
3518
1694
-1741
740
-3612
-3460
2014
832
-1157
2541
63
-3647
4492
549
-4077
-3055
-3322
-423
-702
-4294
3959
-3700
-3128
4169
-2154
-4075
673
-2418
2285
-2002
-2051
157
-347
-597
-4780
-1740
793
-2572
-3389
-1191
-2212
-3231
-636
4432
-1033
-1326
3260
-2250
-213
4920
2973
589
2260
4387
156
-4364
3038
3689
-1939
-3343
4593
-4992
-1190
302
-3912
2056
-3885
-1730
4576
2840
-449
-2550
-3236
3299
880
-1059
2149
-2585
85
488
-3554
1826
2793
3410
-107
-1711
-3528
4336
1669
-4730
2882
1517
-3367
4389
-3352
-1738
4204
4299
4132
2357
-2820
-1860
-4523
1495
-2724
-4905
1479
-1012
-2120
744
-2031
-517
-4556
-1973
-4744
-2305
-403
-4601
-959
67
-3919
1663
-3948
2821
4202
176
3932
3737
3557
3319
-4758
-2691
1313
3299
489
1124
1587
834
-1155
-926
-3913
-341
3349
4387
2784
4919
-2641
2840
-2896
2508
-1702
2351
-4796
1255
1815
-515
-1129
1110
-1527
-3333
1703
3216
4187
-4197
-4140
3138
2273
4821
468
966
3254
4834
835
-3039
-300
-4156
-3624
2186
-3101
-3408
-4957
418
-1208
-1367
4099
-2699
-3777
394
-1580
3915
-652
-1376
-2683
-1078
3610
-1102
-3769
-3684
-786
-1714
1730
1305
1734
-1999
2242
-1791
1587
-1998
4926
4520
1302
-2325
3433
3902
-4017
-2459
-495
3946
3248
-1056
-4331
2834
3584
1020
1396
-1462
-3717
-410
4112
1638
-4121
4738
1090
542
769
514
1335
-3699
-426
-2064
-2409
-2202
3294
-3394
4006
-3084
3138
807
3364
-1941
-4114
4001
239
-4512
3809
-3326
-4728
-3966
-3038
-3588
-1837
2292
3005
327
-4440
1769
-2389
4201
4166
-2486
-3120
2052
2423
3702
-1139
-4292
-2529
4087
3541
-557
-3874
-515
-4979
-1709
-1291
265
4909
2792
3061
1432
1795
-1912
-1294
3626
215
1055
1191
1582
-3384
2315
-2060
364
-267
209
-910
-3490
-2664
-3494
6
2060
4557
-1427
1556
4386
3153
1306
-533
33
3398
1760
-706
527
-1694
-948
4323
747
-4058
1040
1332
3057
-4996
3931
-3485
-2202
-2422
-470
1339
-4383
2964
-981
4593
-4778
-4754
3817
378
1616
-3170
4233
-395
-3429
1344
-2992
1673
2091
2931
-193
537
2364
2785
2284
4772
-4505
-1764
1150
-3142
205
1571
-3116
-4377
227
3988
1139
-2076
346
3131
-149
-813
-2422
1241
356
2984
-565
1120
-1430
1832
2736
-3574
2594
-4999
-2720
4666
-4088
-3720
-4670
3050
-3673
1338
3764
1987
1988
4874
-3864
1467
-1033
3905
2092
3577
3350
4436
-2235
-140
3696
-729
2839
1049
3587
-4176
194
2235
27
3830
-1235
3061
-1560
-4025
1928
-949
1290
-3607
3137
-2433
4588
-744
1029
1967
-1830
3694
-3520
75
2704
1809
-509
852
1488
-313
3313
3776
287
-220
-3034
-918
-2595
3620
756
3159
1392
-2444
-3572
4435
236
-262
1381
-4342
-1375
437
2812
-2862
-1808
558
2393
-2730
-2613
4190
3193
1101
4777
-2630
-4611
-1767
1362
-4710
-2081
2060
4205
3543
4780
-1741
4068
-3694
-1006
2151
1776
417
-4025
3225
-1289
2708
115
1898
-1698
-4266
3884
-4291
1532
2319
-3316
1716
142
-2842
-4639
3382
-2816
3732
2720
-301
-738
3252
3031
-2370
-3048
2198
2894
-871
-1557
2690
-4295
-4865
-1950
-3318
285
-630
2840
1817
4156
-4315
-1080
1463
-4737
-2485
483
2686
-593
1918
1245
-2505
4927
2244
-283
-1842
-406
-1860
3807
-4412
-3963
1486
4272
-4414
960
-4799
-4843
4555
1438
-1930
193
1867
3054
1985
-543
-3124
3846
-377
-4003
3847
2507
-1437
-2931
1911
-4912
-2205
-2699
-4199
4184
4880
-2065
-1985
-3495
2795
-2732
-2764
4895
-222
-1754
-3125
4714
-2255
3677
-560
-250
-506
-212
-16
-1403
-3235
-1201
1572
1723
-1798
3011
4199
-4091
-2235
1090
-4743
-1514
2606
-4646
1005
2032
4674
1705
-659
-4708
-3993
4888
1821
-2122
-3487
3440
1757
4599
1463
-4611
-4745
-3888
3311
-1442
-3383
-4207
-2202
4757
4893
1443
-1556
305
4803
552
3596
-4202
3616
-3827
-1303
4374
-3585
3512
-4557
1102
-4010
-876
1113
143
4740
-1226
1465
440
-4217
1980
-445
957
3786
-1023
-3749
-651
1675
-2609
941
-2779
-1974
-2799
-853
-1259
-4707
1124
482
-4756
-2000
3466
1259
-1570
4170
3050
-467
734
3772
-3289
-2929
-816
1426
-1221
-3029
3520
2043
4048
-3713
3401
2182
-2692
3581
1075
4674
4486
4545
3724
-2536
-55
4291
1137
-1772
-700
18
3258
-1395
603
-671
-4000
3734
-2594
2622
-1285
-547
-1949
301
-324
3713
2226
627
4467
2737
1694
4558
1134
4416
-1957
4146
-769
-4156
960
-1954
2057
4829
-1365
-2979
359
1027
-3397
-743
4553
1944
30
-1686
2300
-4276
-2073
1787
3828
-3265
2139
-2626
-2328
-3006
3929
582
1706
-4665
-4028
-1839
-2254
2438
2382
-3159
1335
4561
-878
-4720
-1191
-3121
-1586
-2327
-2099
4965
-405
-682
-4922
3907
4859
4123
-739
-214
-370
-79
-36
-309
2737
2247
4428
875
4308
3091
-631
-814
997
-1114
4927
4419
-530
-1938
-716
-3226
3256
3045
1010
-4399
-1301
-1610
-4290
773
2771
-800
2458
4917
-2720
-2413
-381
1953
-4038
4455
-1976
-1312
1503
2091
-1224
-3284
-2565
-1941
-1962
215
-4189
-3988
-4372
-2436
-2514
3249
1113
1888
4592
-3249
3225
4808
900
-4435
-3393
-588
1125
-859
1617
2776
-2647
4376
4400
-4773
-2741
-3714
-893
152
-45
-2053
3727
4466
-3948
-2163
1445
3221
-1838
4273
3912
4503
702
-3307
2393
1966
816
-200
-3887
-1189
-896
-4706
-4566
3811
1824
1888
3978
1423
4826
2368
-3635
-3495
1297
-2918
2367
7
-4074
4629
-2813
-1836
-710
-2423
-1982
-4775
-165
-3077
3491
1915
-4211
244
291
1038
4694
-2528
-3870
-3304
1973
-1631
1130
1280
-2208
-1692
-2084
-2764
409
1083
3209
90
2205
457
1577
4863
-4119
1453
428
-4293
-1015
2342
2475
-331
3918
4773
-2870
-190
-1254
-4193
428
969
4011
1617
2371
1554
-605
2782
3506
-1251
752
4228
-2383
-4032
1132
2125
2461
-584
-2845
-719
2953
-1889
-3220
-4263
-123
4990
-4633
798
-1063
-1798
-1727
3296
-2018
3595
-1529
67
1017
-118
772
2707
-1499
2648
-984
3336
-4644
-2565
-3144
-2092
1985
3171
1212
3546
-1267
-1237
-1926
3913
-1515
-3876
4316
-683
3588
4331
3439
1863
4922
-2686
3163
3946
4721
-1541
938
2470
455
-663
-393
-4325
2541
-3727
485
-2781
2283
2326
729
-3254
1597
-4317
-1675
-1687
-1202
608
1361
-579
2128
1655
-2968
-2569
-2939
-3999
-36
3164
-658
1706
-665
-3059
-2915
-4973
3872
4593
-1000
1702
902
189
-4771
-4557
-2708
2662
2796
-183
-2975
1150
-4970
4881
1579
-438
-2496
1396
1071
-4988
-844
1565
-3441
1996
-652
297
3632
1577
1227
-3317
-3833
-834
-1758
-3028
-16
-4521
-692
2480
-4997
2626
-4129
-653
3619
2379
-176
-2814
204
224
1417
2406
1561
-4493
2745
-2966
3895
1454
3736
3774
-711
-2864
-107
-4219
-2624
-4779
-2353
3385
-553
-1995
4076
-1793
3657
3091
4553
4980
-1185
2053
-4129
-1418
4106
4163
1358
-1569
-4343
3464
-759
-4356
-4232
-4250
2941
461
-4699
4310
-1569
1765
-3920
-1380
-1311
-3616
-2370
297
-3807
-1100
-4342
-3557
3263
-864
4745
-3649
-104
-1918
-72
-3705
-1404
-3387
-2076
3846
1592
-3881
598
3735
2216
4072
-2055
2014
4317
2686
3657
4374
-33
-4570
-1270
1082
-1281
-1163
3458
287
-1244
3548
1460
-3714
4480
-3302
-4806
-608
813
-277
2782
-238
250
-1458
-1147
663
1404
-4123
1769
4669
3347
821
-1199
-1977
3082
-4995
1151
-2518
-1798
-3468
-1035
1860
-2804
-3029
-3131
-1802
-3287
3041
3508
2946
288
-2251
378
3663
-1342
2774
1849
585
-578
1655
-4248
4070
868
4526
-4037
-2557
-3256
1291
-4400
2685
-2266
-1098
3352
3612
4140
2257
-1712
-374
232
-4995
-1877
-2031
2126
3224
-4866
-2254
2102
163
1607
-1999
1489
-2014
3067
-1506
-122
1677
-3141
-2145
-3571
-1916
1234
760
-1258
575
-1043
-659
-1817
1779
3096
-194
1249
2176
3121
-2463
-1010
2375
-4053
-290
-2983
1449
-4270
-1613
2825
4971
1541
2616
1579
3686
-4091
781
-3157
266
-1032
-1185
-2064
-2397
650
-1095
-1663
3971
882
4599
-1912
-1201
1340
-1194
-1423
-106
-2936
-3352
2718
668
638
1619
4283
1109
-3221
-3447
-839
1100
-2211
802
3609
4643
2840
4549
2854
-2859
3746
-1226
3311
-4473
-1663
3209
128
174
-225
3604
-1459
474
-3737
1715
-1814
783
1583
-3019
-3798
-796
-1311
1252
-686
2612
1752
2738
-3208
4674
-4301
-3570
-131
-1174
569
3046
869
3763
1178
-3241
4719
2432
2670
-1520
-3131
3142
1820
-2956
2082
2487
1961
4717
-3094
4300
-2981
174
1691
4706
4280
961
-3634
-4
-1504
4928
-3670
2118
-76
-2401
981
2873
-4959
2181
3624
4810
-611
2508
-306
350
-2387
-4210
-4760
-4328
-3296
-4481
-2336
-4526
2188
970
-1192
-3526
403
-2492
4111
-1229
-703
-4708
-1329
3581
613
-1644
1638
-577
3530
793
4606
3409
-1920
-4499
923
-4474
-180
-1338
2625
3254
-2327
3856
-4064
-3991
-407
-195
-1651
607
4284
-4163
-2562
-1523
-2213
-3064
3857
-2701
-238
-2856
-1431
-1928
648
-3356
4439
-1610
604
-3321
-703
-3805
2717
400
-3999
2948
2182
-1710
2253
-1754
2037
2155
1454
-1385
231
4337
-1281
1406
-2382
1656
2196
-3829
-4003
2625
340
1129
-3264
4973
-3899
1856
4068
-849
-845
3671
-1354
-2785
-3940
1527
-931
1178
1867
-3061
1861
-3881
1518
-2380
280
4660
183
-456
-2119
4671
-2868
-3526
-676
4338
-1829
-3547
-3915
2437
1997
2673
-2725
-1497
2149
-1543
-103
2295
-2026
3379
-1295
-3012
-4562
-4594
381
-1435
1811
570
1252
-3157
-1095
-2303
-2971
2882
61
340
-494
1694
-4160
1072
-180
1795
1235
1983
135
-3612
1852
1258
314
-2323
1939
604
-3914
2956
-1045
-766
672
-1494
-2880
-3857
-2435
-4136
1833
-4020
-3271
-540
2122
-1076
-4396
2571
-390
3150
-4007
1192
-2357
1196
3515
-965
2011
4176
-1441
4309
2422
118
3281
-817
-1642
-3444
-4220
3050
1512
2053
3401
-4191
2796
1630
4650
-4342
2777
792
500
364
3754
3188
-2353
4251
-3687
-276
-2532
3454
-4185
3054
1338
-4350
1717
-2172
4948
4583
-4975
3870
-4198
-104
-4335
3602
747
3576
-1403
-887
-1060
4488
3596
-4550
103
-3819
-1994
3700
3507
2878
4401
613
4364
1411
2579
-8
2767
-3240
1122
2523
517
-2999
-1325
-4146
1225
-3127
-4291
1847
-2393
3971
3449
4147
4338
-1215
3433
-4249
2130
4090
2242
-4571
1225
-1707
4359
4137
529
1900
-1037
-2973
1812
-2131
-2622
3055
-570
-6
429
720
-2045
-3872
-2943
795
2097
-3084
3435
3311
-15
3033
-1326
-3613
1448
3135
4144
-2696
3252
-1691
2110
2013
3598
-369
3964
3490
-2261
-222
2266
1844
4813
4716
3989
-4218
2124
-863
-255
-383
-4115
2529
2960
-3374
749
-427
1356
3954
-2419
776
3175
1315
681
4578
4956
4165
-2442
3774
2209
-4391
-3640
1870
-3620
4253
-611
-2459
-1137
-1290
-566
2594
2529
-2596
1632
1020
-662
1263
-694
329
-3173
407
-155
-4199
-4376
-1703
-2052
4463
-3693
-379
687
4607
903
-3860
-4768
3826
-4611
-1249
-4773
71
2638
-3725
3311
-2059
-2571
-1375
-4820
4923
3968
4442
-149
4808
-2493
791
-1836
2534
2457
2270
-1791
-896
4745
-4496
3053
-523
-2223
-2128
-4953
1845
4801
-450
4793
2184
-1978
1362
3024
4494
1265
980
935
3569
2579
-3353
-4604
-3674
2552
710
-1185
995
1758
4886
-4069
-3894
2480
-660
-4030
-4285
3763
2824
-2719
-3448
2748
1662
4077
-774
-3781
-2395
3440
674
4937
-3335
-1660
-3887
2890
4971
-4245
-3736
-978
-4632
-4968
-2588
4906
-3594
158
1249
-3619
-3509
4676
2063
1954
-216
3441
-3518
466
4787
2425
-3165
3187
3234
3668
-1052
1456
-2077
2359
4113
4166
-2407
-78
3026
3545
-4352
1477
1629
-3455
2449
-4064
4696
-1468
2930
-2459
-388
-3183
-2459
-244
-3099
-3930
3392
-3661
-4682
-3185
524
4768
3353
-1796
-3993
1540
-1820
1357
2981
1166
-153
-4516
-2477
-3607
-670
4504
-4612
-4541
-940
41
-2396
-4325
-4019
-3003
2802
-187
-523
-3842
-4502
-2850
4486
645
-824
2695
4372
4159
2537
2784
-4050
-2382
227
-1854
12
4253
-4203
2216
343
-4606
-4967
3739
72
1808
4726
-4455
776
129
-2541
-1134
-4329
-4836
-4107
-4514
1577
3096
-3751
3838
42
2303
2509
3565
4130
2218
-2248
-3021
4692
-3762
2122
3751
-128
1107
-4962
2237
1816
-4163
-2579
-4493
4144
4889
540
-3788
2719
-970
-1947
-4968
-4030
-1491
-4701
2264
3471
-3826
646
-767
4566
3192
4903
-1483
1716
-3179
-3594
3032
2161
-1840
1295
-2179
1994
-268
3995
-1810
4041
2354
450
-750
1456
3790
-451
-2466
-1932
-1577
1258
-2325
-586
-3935
-726
-4129
-1027
-4495
4756
1851
-3985
3892
2492
0
-1841
-2884
-4082
-2881
-2032
920
-3356
2188
3895
-4465
8
-4402
-4082
233
1699
1830
3909
4666
-893
-3991
-2861
3020
-1285
-1893
4987
2888
628
-3190
4778
-1776
-2767
-2972
1708
1212
2417
1478
-4450
1359
-2882
-1325
4254
-1899
-3630
1357
-2514
2795
-4727
4930
1224
1611
2753
-1946
3291
579
1102
-4551
1700
2609
138
1733
-4904
749
185
4791
-4595
467
1979
-4441
1401
-3573
-1413
3797
2258
-1305
1044
4738
2564
-1143
-2124
-4760
4065
366
2296
-3881
-3422
2698
1990
3438
4748
145
3114
-702
-978
1279
2232
-1651
-3257
3238
3520
3014
868
-158
-2816
-1432
4151
-1094
1955
2306
3987
1460
87
-2980
1460
-571
-4851
1408
-4021
-4363
-1783
4140
4535
-4981
-375
4915
3007
1434
2002
-4614
2972
1367
-4203
4726
1204
4518
561
-865
-1679
-464
-4270
4113
-3216
-1213
440
1568
-1596
2694
3650
-2299
2667
-2216
857
-3815
-3287
3028
4681
4124
3808
-990
-2438
4787
4497
3725
-1187
-324
4812
3100
2594
-1681
1380
-1232
-2554
1443
3198
-3895
1993
1289
-1001
2021
1133
3033
-4555
1814
-165
3192
3094
-625
4832
4323
-3931
-1685
629
-2630
-2197
2522
1756
-1637
-2127
-1912
-1242
-4486
2068
-4085
-351
747
1122
10
3151
-1156
-1728
-3659
-926
-4207
1662
3717
-3661
-4739
-3422
-1552
-2222
1833
1777
-3464
4039
3189
684
-3998
4823
617
1703
2574
-2478
-250
4549
4248
-1159
2077
3551
-1335
-2626
-1765
3443
-3718
803
-1183
1769
3335
4180
-1956
4753
732
3057
-3851
2344
-1217
-29
-3481
3242
-2311
272
-3913
-3215
2338
650
-3355
-4117
3992
-527
4527
1578
-1892
777
3564
-3420
-1159
-3690
2492
-2661
4481
-4556
-4183
-2489
-938
-2477
3977
1615
2802
2383
-701
3063
2948
1021
-1940
2244
1256
-1294
-1603
-2518
-2767
-4594
-3837
-778
773
-3259
-974
-4121
2165
4542
-489
-2553
-1672
2117
2953
-312
-557
-3653
2218
682
-3033
4781
384
4409
-1674
3874
-4518
-4717
899
-4659
497
-2090
4630
-301
-4434
-1848
1977
-3354
98
913
4979
4096
-555
1218
-4450
3084
-3314
-519
134
-1058
876
796
-1248
-1566
2287
515
3748
-1471
-2506
-1230
617
1377
-4058
740
508
100
4211
-1165
509
1264
4078
2980
-1178
4927
-2197
1312
3512
4396
1118
-2580
-2813
-3234
1250
-966
-2574
4162
4693
24
1137
-4176
515
-266
3693
-1392
-1938
-970
4358
-2539
-4953
-180
-1197
983
2891
4837
-606
3167
-2387
-764
-502
3835
-2212
-1578
1903
-1375
289
2055
1825
-1664
-3593
190
3186
-2030
-1097
2355
3986
1519
-98
1345
3289
-4741
4494
-1273
-1696
-610
-290
-824
-1860
-3164
3599
-4878
1688
-2885
316
4268
4733
4458
3996
-3736
-2255
2210
408
1368
-1574
-3732
867
-3668
-4179
-3039
-2373
746
-3576
4745
-1941
1495
4408
-3365
-406
2833
-4489
3715
772
-4321
-171
1905
3858
4688
-782
958
-296
3360
-2282
-2534
2764
-2535
221
-3647
-3922
822
1778
-1908
3304
-3869
-569
4851
-4269
-2064
-834
2496
-509
-2956
3656
1183
1968
3902
1895
4433
1203
-3817
-1151
1216
1865
404
3108
3213
-1705
391
-2528
2677
410
-3676
4550
-3726
-167
337
2635
-4035
858
823
-1704
-3471
-4099
-218
-1918
-4612
-199
-4795
-3343
3903
-4431
3094
4783
-156
-4109
-137
-1410
2846
1037
3157
-2650
4988
4140
379
-597
2648
-4750
-4951
-617
-3428
-3773
-352
3113
-3964
-3636
-455
-1383
-2210
2961
709
-3978
-4146
1938
-3729
127
4830
-839
526
2602
-1293
1458
631
-2828
3227
2823
3103
838
2258
119
-4835
4352
-2589
-4605
1438
-3228
-3365
501
-2286
-4174
2922
2477
4132
1404
627
-3159
-3160
3317
-541
-48
-660
-1590
2958
1179
-4703
-1827
2660
3376
-893
2426
-1213
-2995
4579
-2487
-554
2973
-106
-1729
3371
-2422
2230
-576
-941
-2272
-2154
3493
3474
1146
-1501
3477
1782
-3637
2230
-2620
1796
3498
-1098
4773
3662
-805
-1557
3677
-3680
2086
1405
-1018
-646
295
-2885
620
-168
-3663
775
-1496
797
1471
3342
3366
3423
-4919
-618
-2427
-1253
463
-2272
-662
4809
4261
3580
-479
-3686
1419
-1476
4546
-3698
744
4625
1292
-3070
2611
-3775
-2272
2390
3229
4475
2813
-4387
3806
-4655
2403
3789
-2934
-253
-2218
-3881
544
4989
-4863
-4912
-1601
3446
-252
-2098
-2651
-4119
-1140
1518
-2010
2881
-34
-1742
4501
4958
-2656
-3895
-3566
-1740
435
3270
-4032
450
832
1442
-3326
-4416
670
-1540
-1407
4625
-2867
-1857
-4004
2024
-1853
3341
-275
-153
-3663
4343
-4428
1043
-3199
-1906
-2238
3651
814
1156
2068
-953
3823
-4564
4010
4822
-319
4064
-3197
-65
-3552
320
3175
2161
-2606
-3160
-2319
4742
-4943
-3269
1142
-3926
-1213
236
1222
-134
-3960
-2933
-4514
-377
1615
1884
3336
585
-3308
35
-400
2768
2170
-2884
1747
-2698
-4303
2071
2118
2417
180
2576
-592
772
-2621
1260
-2427
1973
-4008
4560
3633
713
-3913
-148
-3827
-276
-122
-4587
-4480
-3891
1159
-544
709
725
399
-391
-4459
-2344
2404
595
-4927
-2540
2151
-229
351
-874
-2565
3877
-3794
2941
2114
-2632
4167
-4858
3987
4645
1074
3734
-2551
4770
-542
-442
1147
4438
4830
-584
-2173
-2995
2429
-2824
4462
-1718
-2227
4542
4959
-4484
-768
-4960
-1664
-1687
-1388
-2331
-3754
3384
3358
-4108
-3617
2667
-2894
-1350
-4709
-295
1665
4474
628
4393
2079
2366
-244
3738
1263
-580
-1278
-2320
-3026
-507
2048
-3672
1881
-2217
1299
-3475
-1636
-1983
-4616
-1933
-1271
-1722
544
-3871
2176
-661
-4928
-1652
-3407
-2069
4487
-4578
2715
-2949
4188
3685
-2448
-3017
2564
4583
2631
1850
-4051
3699
-3587
3341
4762
2131
3850
2439
3292
-4769
-3540
1106
2809
-2693
-2286
910
-3253
3056
-2570
-673
2327
-1721
-2745
-3006
-2135
-3135
1202
3469
-3623
1253
1709
-893
-212
273
1393
4887
3689
4977
-687
312
2741
862
-1157
-1077
-4786
-403
4681
-4313
-2383
2376
3492
-2967
-2263
-3254
-4537
-3497
-3547
4772
971
546
4436
-1939
2740
-3660
-721
-586
1623
-2695
-2989
395
1910
779
-1767
-1627
-2406
-2555
1300
620
3964
-807
-857
1914
-2896
-4691
-1392
2427
3470
3647
1669
-3472
-2562
3545
1161
2563
-3393
4001
-2821
4581
2453
2071
4460
-3117
2397
-3871
-3445
-4537
1886
1140
3054
955
-579
-2088
2527
4840
-1044
-2802
-2495
-3828
721
334
-2035
-2550
-2849
2968
2125
4300
-29
-3364
-956
-733
4285
4438
1401
383
-3447
4161
-2178
1722
2233
4108
-3215
-1426
-3871
-3815
-642
1303
942
1458
2143
-1229
4916
3463
3441
70
4354
-878
-3084
-277
-4268
3292
-3969
-556
-619
3800
-3299
482
-1777
-4787
3544
3120
177
1233
2960
666
-4117
2992
-2632
315
3129
2636
2270
-1740
-4038
-2354
1269
3096
4012
1723
3921
-1740
-219
-4685
-2754
348
624
1650
-4916
-2192
-2189
2633
-4021
-994
1801
-4665
4160
-1550
-2112
-3072
305
1352
-2735
-224
-2397
17
-1128
-55
-67
2835
3231
-4537
-2088
3099
3979
309
-987
1999
-3774
-1751
-1253
-2994
4968
-3014
-1828
-4696
-1067
4722
2275
4922
356
-3394
-1539
-1567
-294
4626
-4191
3616
-4463
-2887
-740
797
1281
410
2253
-2299
2586
791
2874
3648
1808
-289
878
1839
2275
-3485
-128
-4510
-3927
4726
3008
2758
-3653
1949
-3168
4859
-3463
-3418
3308
-4844
-1717
-2556
-4600
-24
-235
2968
1205
-4859
-2379
-3716
-2208
-2092
3948
4506
2775
-3305
407
-1479
4121
1423
-534
-233
-392
-1205
4168
-2734
3117
426
-3776
4560
4361
817
4999
-978
-2876
152
4223
2613
4148
-4113
2401
1881
971
-3489
172
1436
1244
-1541
-1239
-3824
1500
-1564
-3510
3049
-2430
3260
-3393
624
650
-4350
2581
68
4732
1436
2412
-1334
-1885
1875
-4109
950
-4691
296
1986
-3278
3006
4804
-1485
-2965
2289
-4275
-3251
4363
-1316
149
-4689
3136
-2385
1933
1894
3244
-3559
1174
-1909
1670
-4473
4648
-2724
1069
2602
4859
-2539
-2515
2708
-4109
987
-4838
-2002
-1175
949
665
1305
1908
4071
-1746
2895
-570
4028
1680
-4011
-3294
3615
2489
-2880
-1220
-3402
-1926
672
-1943
-3348
-1381
-1266
2373
2778
-4977
-1043
-3340
-767
-1194
-2128
1104
-3738
4700
4296
3105
4490
4558
-1224
-2806
-4507
1805
-2361
3536
3183
-3364
-143
-2426
-2822
2484
-2741
4435
2463
2230
705
-3611
3236
-2816
4925
-289
-1689
-2295
3670
-3650
3146
4038
-3597
681
-1413
4559
346
-2521
4334
4940
-3302
4330
4905
3240
3889
3545
-1556
-1592
3179
2667
539
-2411
3224
-1281
-1879
1892
1608
-4983
-3902
4999
-3659
3975
2870
-4707
4157
-2335
-1875
1716
-4741
-2481
-2117
-65
-2031
-124
1842
1170
-4732
4296
4846
4842
-1420
-1292
-1471
-566
-4329
4807
3404
-4768
-4191
-187
278
2614
2737
-1266
268
1796
4235
-4611
2101
-830
3309
3159
3777
-4645
4897
4819
3326
702
-1442
3625
-4826
2910
955
-4877
2904
3273
3058
672
2721
-2378
3084
-4985
-153
-2313
3934
921
-4862
846
400
4895
-4521
4508
-42
338
-2062
-4187
-3347
-790
-4976
927
1763
-1554
-2233
-3528
-541
2522
-718
3255
3980
-1137
-3188
2123
-3746
2772
-744
881
3104
-1686
-3333
-4031
1536
221
-1465
-1785
-3192
-2810
-892
1471
-999
2925
2557
-2887
903
-4436
3205
-3107
1105
-2433
3604
-4424
-3685
2280
1490
3300
2250
-1265
-3106
2837
-2277
1334
4491
-1424
-4016
2106
2536
-746
2632
-1307
2938
1598
4282
1249
2249
-2863
-1234
791
-4396
-1873
-2056
4885
3249
-881
-94
-1362
-523
-1789
-1948
1820
1740
-4902
-4205
-992
1030
-4289
3443
-1958
3455
686
-2422
2756
-4664
-3305
-237
4264
1655
4219
3307
738
2328
-1325
-1988
2721
-2210
3264
-3948
-2601
-37
3374
3073
-4017
583
-3535
875
-1858
-1312
4369
1294
3570
-1
-1102
754
-1961
-2861
-1556
-1367
120
-3588
-3974
4692
3187
421
3038
-30
2501
767
-591
-3306
-4427
135
4791
-1004
-1459
-4701
4897
-519
-2110
-2738
-3636
-3404
-2668
3453
-3609
-1708
2257
861
-2829
-513
1157
508
-2621
2107
4716
-304
850
-4035
375
-4313
-349
-419
-4947
781
1252
-3118
-4903
1636
-4468
2575
241
2691
-3629
-3719
-857
-51
-3583
1956
3992
3244
-4642
-3431
257
1930
4729
3686
2450
-4756
-4476
1970
3483
1035
1900
-2405
-4830
4001
2455
2542
2775
765
3430
-1374
1311
-4798
3914
4786
-4548
-1806
-1533
-3531
-2194
3522
4211
3916
194
-1909
1536
-1097
-4360
-691
3401
-2844
-733
-1185
-3392
-1339
-3222
-681
406
253
1003
-2254
-2012
-2905
1375
2193
4069
2578
-2295
-2127
1025
4685
3688
-1563
-3852
4971
2123
-3374
-3634
563
-4860
3527
-1373
-2905
213
3735
3698
-4785
1559
-4316
2115
-4446
-4806
57
1930
-1104
1943
1572
1288
4830
-2591
670
4224
3230
745
-3384
-1417
1387
-3743
1509
-4604
-3570
-2824
-3122
-2264
-4816
-3660
-3002
183
1549
-2546
3754
4500
33
-2153
2212
-725
-3518
-1015
3485
-1833
3817
3960
-2500
1652
-4818
-185
-3136
927
-2705
4390
1701
1433
-500
2313
-2346
-54
1410
-1467
4256
1490
-1981
4723
1119
3419
-3857
-969
2088
-229
769
378
-2079
2870
4983
4595
-2576
3008
-561
-4268
1359
2879
187
-1744
-279
-3617
-4655
2363
3844
-4721
2178
442
-4533
-4504
-4171
-2822
-3834
318
-1537
4284
1704
-4993
4160
-1443
-2955
553
-4083
868
-2642
3080
-2746
2981
4651
413
788
-3917
-4557
1050
-4735
-1166
-2469
2985
-1709
4185
-2855
957
-4026
-3114
-525
3952
-2171
1772
3225
-1845
-523
-4248
-244
740
-2898
4433
4281
2514
871
-4274
134
-1428
3181
-2319
1704
4879
-4432
2033
-1345
-4914
3178
2469
4638
-2988
524
4860
-3686
-3931
22
4282
4015
-2590
-3261
-3939
-3478
3291
-769
-4306
1078
2191
4726
2034
1510
1967
-2421
-368
-4036
3825
-863
-51
-1804
2929
3737
-1581
4096
-2095
-4647
2512
-1200
1232
4613
3179
-4035
-1655
-2259
-2591
4547
-750
-2173
942
-4311
-3291
-4761
1543
782
-2500
3345
3459
-2590
4661
298
-454
-4690
-2091
2375
-2762
4449
-4871
755
-3610
-1913
2487
4727
-222
-4232
3603
1193
472
-437
-2290
655
4132
-571
-4072
-4258
-1745
-4174
2070
-749
2143
-3393
-2721
-2499
-3924
-4351
-2896
2597
-2798
-2667
4911
668
-2670
4341
-4371
607
-2957
1220
2581
-3415
54
-3802
4849
-1082
-3801
-2321
-2501
-3521
1375
2615
-1135
214
-4970
4102
-1982
127
-4378
-4479
-2475
2970
-4549
3249
3816
3433
-1705
2397
3910
-2254
466
3876
1026
-558
-1026
1321
-2080
-3348
-1816
1499
1123
2445
3035
1599
-3119
3277
2974
636
-4414
2293
-2450
2643
-121
4759
1222
-3271
760
-3298
-662
-461
-1354
4227
-2620
1517
-321
3545
1701
4071
-4817
262
2733
1740
-2700
2654
-4186
3344
-3814
-3699
-966
85
-2940
-1119
-634
2730
-804
-3950
-1658
3969
786
-1665
431
-3605
-687
3574
1931
483
-2449
64
1311
-1949
3491
4487
3993
1255
-1120
-4652
2821
-2756
2896
-1399
-4113
-2476
-3524
3176
1234
-22
-585
-450
3407
2300
-277
-4896
-2230
-2886
-1397
-2240
4718
-1239
3175
-1044
784
-1676
3582
-1613
-480
4191
638
2069
1900
-1191
3415
-4634
560
1919
-4739
366
2216
-265
-692
512
-3130
-2465
-3050
4677
-2178
-2750
2504
180
-4498
2596
-325
1041
-4133
-1205
325
-225
-345
-4854
-1072
-2461
2399
4362
3923
2951
3985
-3369
1740
3463
-1142
1413
-4673
4699
-2899
-1442
1880
-943
2272
-823
4396
-2969
-2239
2903
-3139
-2254
390
-179
2557
1294
-159
4586
-2390
-653
-4622
-1916
-3576
-1104
1654
-29
588
-4778
-962
-2759
4708
1060
-1814
-84
3012
-2342
-1180
482
-421
-4996
-38
-200
-140
4245
2195
-3793
3272
-3163
2178
3187
2177
-4663
3416
2825
-3734
-1642
852
-4555
4066
-3999
3686
-1451
4559
2557
-3775
-1170
-2945
-3710
-4418
-4447
2057
-2617
-3091
-359
290
2141
-4697
947
2940
-2153
-897
3258
137
665
-4250
4079
-2707
-2980
4398
1106
-3967
-4149
1062
3311
2276
1709
3012
2903
-1140
-433
530
-2678
1754
-4483
-4065
-3474
-2501
-4579
2565
1951
-4821
-2871
-2886
147
549
-1897
4896
3256
-715
-4170
-1736
-451
318
791
676
4858
3575
1702
1753
1436
480
979
1699
3953
-3310
-3071
-4958
4556
-4811
-2965
-1805
4630
971
1726
3578
-2094
-1943
4359
-4230
4122
3974
4105
3943
1467
1052
3194
3394
-3558
-724
-740
-2428
3793
1982
-1853
-2970
2171
-4411
-4840
4013
-1929
3489
3193
-3677
-2532
-3138
-2230
1808
3994
-2294
4236
-4520
296
-300
4456
-3555
-960
-4400
-1767
-555
2387
1463
515
871
-4166
3147
1284
2271
938
4504
-1995
3809
-1821
2789
2764
-3398
-315
1962
-3710
49
-4336
-3732
684
-3571
1446
3700
-1208
3408
1935
-675
4438
-223
4137
2860
1328
2792
1642
3274
-472
-3374
1780
349
-628
-3628
-4493
-3339
1816
-4036
246
-1198
2745
-318
663
-3886
-839
-3426
2313
4920
-4804
1716
-1443
-3400
1270
-1862
-623
3951
3319
2570
-3034
-4352
-4092
2002
4860
2921
-1406
4345
2764
-2524
1361
-4
3425
4745
-4236
-2681
2452
2769
4249
159
-4173
-2827
4121
-3957
-4562
-2571
-2035
-1725
510
-4108
-4710
3473
657
-3663
4763
2708
-2762
-1712
651
-3276
3521
183
-4341
3311
2892
-4363
-4986
722
-2965
-2164
2334
-4397
-3510
-1777
1810
459
-2715
183
-4129
913
-2029
-2480
4832
-430
-3120
4000
-317
3212
-4058
4439
-4391
-4615
-1768
4177
-3446
-470
-2934
-2023
-4429
-3271
528
-3448
-3459
352
-4991
155
-4261
999
-2121
-990
-3472
-376
-618
4629
1786
-3392
-1849
513
1887
-2578
-4079
4656
-1838
-1651
1746
-3833
-4462
4718
-1601
2520
480
2991
2118
2472
570
-904
1308
2971
937
356
-136
-4277
-3117
-948
826
-4888
2718
-3441
-3686
713
194
1310
-3543
4913
842
-3245
-3690
-3460
87
-366
3807
3704
-4656
904
465
-3343
-4407
-4560
-2833
-4171
-737
2725
-965
-2010
-562
-3375
1956
-3635
-1808
3315
1644
2956
-1262
-3761
-2940
748
-4428
3040
-1114
-2459
-4980
-2823
3743
-1396
-1720
-471
-2745
-4810
-4882
4108
-194
3259
-2318
-1122
3749
-698
4804
1210
1590
3017
4690
-3231
1777
2445
2481
-4362
-75
-4410
-2988
4710
4647
-3035
-1049
-410
529
4552
3787
4340
-1222
1884
3037
1183
-1250
-1789
3141
-2253
-3750
-3680
1208
-2980
-154
-4706
-645
3452
2287
4433
-1275
-329
-832
3028
-3873
-3509
4108
-3759
-4118
3582
-197
2512
-4371
3456
-3569
-681
-3190
-3217
4705
-1809
-4372
-1768
-3587
-377
-1953
-3653
4279
-3359
-1588
2856
-88
1131
-1696
422
4873
-3128
-1752
4547
-2758
381
4474
4245
-1360
4648
803
318
1721
-1158
3833
-722
4173
933
1356
354
1747
1840
-3490
3771
-2724
-4377
-1573
-630
-799
4031
-1817
4263
4724
-1176
419
-1872
2997
1500
2588
-3922
308
1300
-64
1284
1005
-279
-579
2897
-3675
4231
3304
3796
-4529
4846
599
-2433
44
1794
3132
-1051
-1843
4275
1854
4733
-2250
4871
-3931
-2232
4976
-3086
-510
1871
-2405
-4200
-407
-1275
3791
-39
-3092
1467
-4515
3291
-939
4851
-4681
2326
2399
3405
-4872
1960
1185
-3059
3777
4088
-3335
717
1185
3752
4241
-2626
-4768
-140
-431
-3206
-1831
-3192
3713
-155
898
862
2184
946
-4119
483
-4794
-2766
4061
4107
-1190
2407
2021
-3941
-479
4294
4577
-3851
-1044
-2037
267
-3007
876
1926
569
3846
3837
4948
-2429
4840
1548
-1559
-2997
4187
358
-4616
-3411
1797
1695
-3291
-2891
4226
-1252
817
2120
4257
445
4789
4080
4956
2474
-1526
-1561
2757
-4535
-107
3311
3403
2938
-640
-1045
92
2975
-461
-610
244
-2325
-1022
-1250
-4428
4549
4992
-1804
638
2761
-687
-1485
957
2315
2541
4003
1665
-2695
-2032
4137
-3321
-1187
-4034
1877
1048
-3941
-156
-2489
1624
-3475
633
270
-2242
-3383
-1276
2031
4404
-1333
2055
366
4068
-1356
-3255
1628
-3630
-4961
658
4622
-3783
2076
-1633
1637
301
891
4741
3935
-3824
3238
-4878
-950
-400
3979
4031
-1168
61
1557
-4014
-3932
2856
-1178
-4993
-489
3223
2995
-2946
-1274
2310
-3556
4505
1444
343
-3322
-1636
-2464
1754
487
-2577
435
167
734
-2465
2328
-3688
4972
2968
-1256
372
-3229
2319
3041
-2474
-1927
-3813
-2190
4428
648
740
-1659
-821
1462
1652
-246
3280
3804
3611
2236
4178
-2218
1486
4787
1539
3574
-4465
-1755
3780
1684
-4681
2681
-3896
-4058
-1328
-2070
1969
2600
-2976
-2044
-1433
-3591
-2385
3166
711
-2158
1033
4644
-1640
-1837
-4209
3423
-4551
-3045
4056
-3421
-3515
-4365
3350
3718
4729
-2680
-3517
3128
-4100
-2444
-3863
-93
-4259
312
4752
3504
-1077
1016
3171
2307
4621
2787
-2164
-139
1362
4509
-306
-2756
-4366
1595
1073
-4023
4884
2298
199
-2163
3785
-868
-2035
3033
-3355
4608
1022
3168
-626
-2372
4769
-4453
796
-598
947
-4198
1825
589
-1457
-686
690
-161
-2854
-3929
1171
-3384
2875
4407
-1967
1709
-1433
1888
2873
-4766
-1077
847
4966
2909
1474
-1914
-4904
3689
2327
105
-817
4131
-2684
-1642
4278
4021
-2056
-2482
-3395
-3027
-2808
-1564
-1345
-2551
2876
-415
-3549
257
2026
-3070
1549
-384
3280
-929
-4940
-1823
186
-3736
-3681
-4430
-2844
-3698
2952
-761
-1126
2651
-1326
3070
1003
-3777
-2313
-4869
2315
-680
1706
3024
-57
3181
3868
2186
-716
903
-3190
-1766
-1968
4476
195
-866
538
1450
-777
4444
3662
2557
-214
202
4952
-2611
-3000
-4451
4810
918
-2701
-4451
4425
2485
2856
-2079
1041
-2596
-3184
-1988
-4792
-3181
674
-349
784
-4516
2293
-3431
-3066
-3888
2164
-902
3224
-2790
202
-160
1668
-1552
-2580
581
-949
10
2694
3958
-4876
3169
-4195
896
-4179
-3995
4068
-4805
1596
-470
-3701
-529
-2477
-1616
609
166
-2238
-3426
-1878
3232
310
-2837
3403
-723
1216
1256
2962
3019
4657
-1795
-1293
4588
-2495
1999
-3
2690
3359
4186
1532
1258
-494
-3583
-2729
259
4221
1791
4009
-343
-2991
3001
4973
1875
4221
-1758
-3326
-4091
-2703
-230
4174
-1150
160
2692
4095
4673
-1292
-4381
1916
219
2603
1168
3483
-2593
2286
4762
-4437
-286
-3213
747
-1295
-26
4856
1459
1505
630
-4416
4404
4850
-997
-693
-471
-2300
2606
-3763
-4573
-2131
-2341
1168
-1583
-4946
4510
-571
1675
2901
4460
-2666
-3301
3484
4465
-569
-2823
414
-3871
-245
962
1258
3229
-3277
-2156
-4912
-4859
2657
1769
-3752
-4364
-2181
2541
-3486
3388
-1717
1085
-696
2319
-2462
-66
-97
359
-2275
-2809
-307
4819
-4960
-1635
2084
4110
-3346
-2951
3052
1789
3947
-4761
-1937
-4123
-2007
-1090
-3890
2727
62
4583
257
4153
647
-3365
-1796
-270
-2283
-2674
1037
-2846
-1066
-4878
-1599
-2292
-3345
698
-1242
3137
-2347
-1540
4747
1849
3835
4769
-3644
-416
53
3932
-3798
-276
-1078
-716
-3425
-377
233
-1344
-4513
-1507
1891
-290
-4958
-1374
838
1
-3714
721
1913
2389
4233
3117
3395
-1281
1932
2822
2263
2101
4674
1179
-3622
-4537
4656
-1578
308
-2135
3696
1272
-4732
-2977
-2283
3393
942
-1596
-1597
1164
336
-4458
3398
-3787
-1533
-3007
3216
2520
-2291
4326
4305
-2313
-3517
-2840
-1794
1432
-693
532
452
-1063
-3457
2106
-2314
-783
-2482
444
2707
612
28
-3631
3715
2434
-4518
-4777
-3617
-4564
4369
3075
-3904
3204
3927
3270
2527
4577
1012
1614
-1780
-1364
-3122
1269
-4565
-646
-1424
4827
2248
-3083
265
-4485
3771
-1127
-3151
-2068
-3786
3321
4950
-10
-3364
-1717
2965
2911
-788
4039
-2715
2977
-1830
4775
-4500
794
-4209
-1909
1605
4560
2311
12
-1671
-1441
3032
858
4234
-1040
2722
2517
-3537
-3465
1106
2244
-1111
1849
-3824
342
-4539
-2664
-1319
-2301
1578
3997
4135
-1859
-1694
1873
-2629
-2408
3573
-4232
-739
611
4912
2090
-1686
-957
437
1919
-4131
-4389
828
-1273
3640
1801
-297
1235
4817
3680
-3772
-4957
4186
717
-4453
413
-888
4008
4743
3639
1189
-199
-3054
4465
-287
3844
-3496
-1150
-4988
-4589
1086
3645
1454
4207
-533
3487
2831
1435
564
1208
4226
477
-1514
2612
3748
1433
4588
-3195
1571
2203
-4367
2527
-4511
-4799
655
4240
3320
-173
1510
4105
231
-576
2840
3725
3882
2470
4865
357
-2215
-3923
-2493
-3619
-4137
-2447
976
2639
-2614
251
-2527
-4278
1434
4139
-4061
4030
3954
-2653
-1951
1799
-1676
1779
3500
-2476
4521
4268
3528
67
-2634
-349
3584
2218
2266
-123
2906
1364
-412
1169
-1484
-4697
945
-1385
-658
3454
-2365
379
49
-4360
2973
-1291
-1043
972
1610
-2088
2848
-730
654
237
4034
-3773
-812
-2709
1982
-2299
3767
4133
1579
4899
-2100
-4703
-1847
2496
1516
1232
-1114
791
4304
-2673
-960
-2000
4325
3385
3285
2481
1903
2678
-4330
4980
2217
-1387
4474
977
1578
-1791
4126
-1896
-269
2083
-4421
-4739
3557
-1596
4720
-3536
320
2556
1678
-4153
-1753
1340
-4605
-3349
-3121
3124
3517
4972
2533
-1998
-4192
-4782
-4017
4249
-3517
-79
1178
-3462
661
552
-1581
-4815
4317
1350
1058
1950
-3537
-4535
-1055
4622
522
-956
-358
1013
2542
-724
1950
1979
4155
2624
-1822
-3552
-4796
1923
-381
-2163
-3854
-4424
2666
617
3398
952
-4837
-92
1606
594
-4025
-2733
-3575
-4288
-2366
905
62
4753
-561
-3921
-987
-1047
-4089
736
4641
2258
2104
-3741
-2955
3116
4810
-4075
-2372
-1192
93
2210
-3483
-3171
1246
2368
2507
-2059
4632
-2072
4834
-488
583
2610
-3347
2387
920
1645
2013
-2508
-19
-2840
-2652
-2028
4685
-3425
-3384
-943
-4153
3333
-1742
-4089
4006
474
-2170
2795
1008
-3831
-4675
2484
-1207
-1391
911
-1258
-1307
-3746
4252
-1380
-2037
-1901
-2503
-1567
-4491
4246
-8
683
2419
4393
335
4773
3631
-1152
-3781
-2152
891
-2220
-514
-4235
-1945
2691
-221
3537
-2002
4849
2018
-66
3920
3807
-785
-2702
-3477
-1626
2237
949
-1678
640
4048
-4804
4576
-1820
1424
-4883
-3099
-2212
1561
-3793
-1489
164
-320
2000
4020
929
3952
-2126
-2148
4844
-2351
1171
2843
-4102
-4294
-2233
-2596
-1143
2526
-124
201
-1879
4770
-1478
-602
-1356
-3282
-1235
766
540
4162
2144
-4794
1519
-2672
2944
-4371
-1159
-825
-1830
-1339
2135
2640
-2230
-2629
-3373
2721
-991
369
-447
3919
-1582
-2211
3141
-4432
-1431
2523
622
3630
3928
3278
-1901
3384
-4320
-2077
-2183
-3070
1944
3494
-2114
1949
-3619
30
-2507
4274
-233
-4525
-2082
4423
435
-1280
-2111
-4268
-3022
4035
-105
-1665
3005
-1390
-2219
963
-1581
1192
758
-2625
-4719
-2148
612
-3605
-4691
834
19
134
1039
-3253
-3574
-4086
77
-4456
-4641
4801
4833
1564
2717
-3295
4665
591
-668
3667
4026
-4002
-4514
817
2370
-1632
138
-2403
3209
196
2342
3166
-1293
-2282
-2115
-3819
2053
-4912
-2485
2639
-2831
637
-887
-1533
-2960
2777
1018
-2821
570
4756
-3951
-3793
-1163
-1643
3900
-4708
712
2283
-95
3108
3979
-1153
-989
-2097
3437
4277
-4431
992
4145
1361
-4453
-3774
-2538
951
-4622
2945
-4302
-1269
3851
-395
426
2662
-768
2472
4961
170
-2636
-3959
2906
4253
-4752
1849
-2485
4257
3038
1059
-1136
-4204
4433
4809
-439
3699
1023
265
1298
4425
-3443
-1954
-2899
-938
-395
3939
2221
-1109
-266
-2430
449
-4431
-1400
-1381
-1220
-4119
1035
-1024
1901
4446
-277
525
-3392
3126
-1422
2389
-4240
1368
2442
-2681
-3001
4616
1981
1328
-589
-1218
3787
1241
2471
-380
-569
-3023
2571
-3458
-1745
-2074
3377
1923
-2218
1245
1766
1914
2927
-4991
3600
-4080
-24
-4792
-1270
165
-1263
-3664
-4455
2119
3703
-2199
730
1799
-3070
3100
-4773
1271
231
3689
450
4356
1962
3855
-1954
-1439
-4507
-1549
2488
41
4493
-2460
3253
246
391
1589
1291
-1025
-921
1049
-179
555
2832
-1443
3077
2949
-835
3855
-962
-24
-38
1373
3483
-1271
-4416
-4680
-2298
1604
3419
104
169
1743
4650
3752
-3565
-981
403
-1663
-3801
520
816
501
-4585
-2008
-822
-4590
1977
-1268
3728
4871
4627
-4406
-1148
882
-3592
1840
-2158
3559
-257
4706
-3250
1726
940
4912
-1143
4899
-387
-349
-1265
-3231
-3181
1526
3153
2456
3163
3745
2266
4442
1016
-3440
-160
3622
783
-2494
1944
1132
3807
-4371
-4282
-2544
3850
-1553
2992
169
-2891
-3536
-4370
-711
2808
2499
-4959
-3402
-1870
-1173
-4691
-3897
-1220
618
-3404
1115
4840
-4587
-1712
1058
3542
-2349
-1540
639
306
-4172
-865
-4571
3326
-4226
-2137
-625
-4776
-2237
-4594
204
-4345
3007
-3236
4103
-3753
-4979
-1592
4932
3295
-1000
-4436
-3145
-3829
3247
1668
127
2635
-1006
-1966
1407
343
-2743
-782
3948
-3635
-2620
1813
-4862
-1735
-3235
3084
-4094
-4016
3834
-4317
966
-3608
-1954
3047
-138
-1193
-3729
-363
3682
-1561
1218
161
-4593
-4045
1234
-688
-2753
1617
2464
-3214
-4823
-2772
-3867
-161
1399
2588
-2110
669
1646
2852
-392
-1461
-4359
3961
-2268
-2370
-3826
-1430
2658
3189
-3326
-145
-1694
-742
-3384
-734
2888
-1752
1748
-4476
4205
-2876
1374
3454
4275
1673
-2958
-1130
1446
-876
933
-4246
-1986
1113
-2030
3100
-3727
-4785
1521
4281
-3946
-2657
3513
4855
-893
1140
-563
3115
1432
-2305
-3918
1285
-3324
3227
4785
-4071
4149
-1785
2711
-3014
-1106
-2507
-247
4628
-4480
-4689
1861
-1610
2843
4785
-2124
3243
-3074
-282
-4468
4164
2970
-2942
4946
-3117
-4652
3177
-1779
-378
-1046
4379
-3963
3102
-4675
2813
-1991
-4292
3068
3125
992
-4777
2017
1602
2168
-4084
-2331
1829
4411
-1998
302
2896
3135
1528
4409
-2855
-4580
2606
-349
-54
1176
4861
-239
-1383
-3730
1588
-1089
3247
-1410
2816
3429
2808
-2787
-393
-842
3638
-1331
4609
-702
-2863
808
-4957
-3908
-1985
822
3417
4053
-660
-4098
2415
-4809
-2010
-1000
-2611
-1906
3352
-3167
-4371
-2672
2337
4824
4490
2622
416
-1771
-2313
3138
-1089
-1271
2520
3224
1129
3265
-1199
-2583
-2088
-572
-1782
-2781
2911
1340
3867
-444
-735
-2783
-3574
709
-2947
-3647
3758
436
-3577
2812
-2178
-4775
-4525
2443
-708
-4230
3616
832
-3929
3562
-785
-3671
1761
1756
2687
-274
-4305
-4411
-1481
3130
3478
-1889
-769
4663
328
-2774
3675
-1918
1626
-2050
-1996
749
-911
-2997
2821
-669
3481
3521
-1985
2198
-4014
2572
825
260
4599
1031
344
-1352
-4180
4897
2871
-3363
1795
2156
-4797
3406
1787
-1550
2742
-3496
4726
-1790
-2930
4929
-4986
-1767
-4119
1233
435
2140
3295
4446
-3669
-1359
3099
2343
2406
4510
-2969
-3002
-2011
-1591
-1148
3528
4791
1694
2531
-4391
-3896
-401
291
-4024
3638
-2170
-1529
4618
1681
2805
-3533
1690
-498
-1569
-1069
-994
3768
4815
-2568
4660
3540
1606
4240
-1284
-4033
-3710
4961
-3841
1382
-2790
1361
-835
-3071
-3242
-2779
4037
4701
-1365
-2012
-4243
-3562
-347
4664
2145
-2755
3836
2368
-1448
3547
4025
3269
-3358
-734
1938
-2633
-1891
-2324
-47
4690
-649
-2733
-429
2995
526
-3844
1884
4177
-3117
4977
2663
-1094
-115
153
75
507
-1158
1525
-3750
-2437
-4512
-2390
-3373
276
-3918
1447
839
3119
-4066
1666
-3127
-2084
4211
-4157
958
1291
-4768
1148
83
-4534
327
4387
-962
4699
944
-1186
-35
-2224
2682
2874
-3797
-1578
-1524
-1512
-767
-1284
1978
1829
3881
2750
-3037
4900
1213
2354
-521
2602
1902
4734
2934
-3883
49
-3196
2916
-1366
3491
4812
1896
2778
-3826
-548
211
3792
-477
2054
-4258
713
2199
-50
-3091
4912
1435
3319
4640
4262
-2381
-1335
-1561
-565
1240
-224
2949
-4437
-1480
3988
-3570
4696
-2117
1137
1930
-49
-3167
690
-3492
-198
-4681
1503
-3429
-2782
3817
4208
-3361
-3922
-1391
2893
1816
1404
1885
2100
648
4187
-2289
3077
-3119
1603
2494
-1907
-1591
-191
4249
-3234
-2054
-2557
1356
2775
-4330
-2388
2187
2757
519
405
-2245
4966
1029
-4015
-3024
-3515
3040
-3286
81
1447
-2531
4701
-2952
-383
-2690
4431
1813
660
3130
-4261
2370
4374
1340
4441
-1151
1630
-4906
-1444
-4718
-3220
4678
104
4497
2339
-1359
2941
860
-301
-2484
-2555
82
-73
-3110
-3770
4486
3224
-96
-2379
-493
-948
1780
2056
2938
3359
-3757
-1851
-3786
1900
-4655
1020
-1215
1224
-3908
-163
4143
1211
-3815
2488
-2824
-1605
4560
-3968
2499
-2969
3092
-4774
-2770
1214
-4758
-872
-1141
-3607
4731
1068
-2236
2955
2116
955
4782
-4284
-1477
-1839
-3477
-4596
2092
-2854
2393
3906
833
4004
-167
1601
-3104
4207
-2454
-4980
-1058
2845
-1308
-314
-2287
2668
4576
-208
-3340
-4723
1940
-3184
2387
2416
3677
-4854
4934
4606
-2827
1182
379
4242
4116
4894
-4516
2773
1330
-4967
1983
-4330
3178
953
-3108
-3406
-4486
4694
-471
3045
-3768
4085
-831
253
-4129
2624
-1612
-3882
-1673
-797
4488
1144
3026
4528
-1091
-3894
-2478
-4560
4205
833
-2840
-377
1186
777
4711
-270
-1790
3582
-3753
3120
1814
-4633
-682
-1542
3688
2752
-3576
1409
1099
-4045
975
-3454
-2540
2051
3207
2056
2693
-3660
4040
4766
-2085
3274
3630
-4881
2381
-212
-4411
-980
-2091
3668
4685
4969
-4597
3751
-3187
-1531
-2851
-2229
-156
-1755
-4517
922
-1765
860
-4610
4050
-1177
-952
4057
-1290
554
3163
-3417
-1132
4969
-1996
2292
-797
-4024
1547
-1048
-247
-1487
3478
1422
1207
2963
4714
2530
4610
-809
-3695
-1015
-801
-1122
-4556
-3237
-3030
4327
2581
-4661
770
1116
-3108
4391
2373
3852
-3876
3082
-765
3572
2913
2975
-4863
3430
3929
-3839
-4755
1083
-4052
-1331
937
4484
4057
-3735
-1818
-2404
-210
-3538
-3026
-4726
1555
3168
1550
4547
3284
2350
4926
-1620
-2375
3269
-3873
-2468
436
-3233
848
-2704
-1465
1961
-1572
2761
-4913
-4382
323
-3568
3105
-962
-4444
3721
-2993
1899
2436
-4875
-3722
2476
3085
-4847
3160
-1664
1542
3548
1329
1127
-2373
-3498
216
-277
-2791
1396
-1868
-183
56
1089
2616
4931
1557
158
-1636
2974
2667
-567
4170
4678
2254
-2501
-2206
1138
-2237
4876
1434
-4334
-2497
4449
2102
-3115
-2229
4341
2512
1655
-2735
3606
1700
3399
-3547
694
2746
3622
355
2515
-4896
1579
-1999
-2480
-2701
4340
-3056
-4415
411
-1049
2357
3014
705
-1993
-4370
4095
493
1058
4691
4430
-992
3335
-965
4217
3770
-3451
2376
-4546
-4903
4798
2976
-606
-4384
4442
-1511
-430
-49
4120
-1472
779
1141
1823
-3083
-2620
190
1075
4215
1081
2906
2516
-3896
-1037
3789
-720
-1444
-2814
4124
-1320
-1805
-3348
-742
3855
2241
271
-3473
4223
4567
4531
210
-3098
351
1996
4227
1934
1177
2219
4008
-1093
2173
2819
2257
4445
4988
-1287
3498
-1323
-4472
1332
-2867
2579
220
-1180
-2431
3118
2617
-2784
-1677
702
1999
-409
-465
-1405
-1452
-4840
2587
-4872
1348
125
3040
-3215
1221
2258
118
2882
245
356
3915
-1446
-254
2500
4336
-1524
-3338
-326
-3808
1214
-4050
-1449
2798
3706
-539
-2221
-2006
1826
-3871
660
687
-3024
-2742
864
-4804
2524
2562
-774
3933
310
-4218
-1016
1253
-3021
4607
-811
-4150
389
3093
434
766
4419
-2799
3208
965
-1624
61
585
1480
583
1419
36
692
412
-3073
534
-4385
-4787
2489
-2034
2074
1823
3507
2649
-4724
4725
-1309
4684
-4176
1443
4493
2945
-484
-4430
-2807
680
-2052
4028
-1380
1902
3548
2470
2774
-4773
991
4174
-1097
2101
-1090
-375
4126
-2462
3024
-3521
-528
2907
658
4387
-47
-3699
-1516
2538
-4973
-935
-928
3053
3464
4490
4679
-1126
-2523
-3962
-886
1092
4933
4222
3394
2570
-666
-1840
-404
1733
-3547
-4292
-299
3803
2977
3059
-515
-4863
1518
-2645
-3397
-3794
1577
-433
-499
3722
963
195
1178
1045
764
-251
4663
-4076
-3875
3984
2722
1590
-3327
474
4430
3525
4881
-3491
1547
71
-357
-3277
4561
3172
4670
-4438
2185
2882
-4987
-2937
3112
-1283
3437
2439
2041
194
-1035
-3408
-4282
-3094
-3071
-1290
1539
4564
4891
3641
-585
4347
2631
2252
3527
-4729
2032
-1168
209
-3153
-1020
2143
1458
-212
-3718
3029
-1292
376
3963
3833
-1080
-1211
-1580
-2951
-932
-3477
-2938
-45
2553
1353
1496
-16
-2229
-1155
4730
3786
-4274
-274
-218
-3169
-3279
4806
-4139
-2514
-2374
334
4572
-3843
-3098
-4287
1457
-755
-3717
-350
-3475
-779
2252
-4214
4864
-2372
760
-87
-4996
-3181
1631
-338
-2721
1566
-2990
577
1744
-2062
1350
-4850
-2507
1978
-2204
-340
3135
4804
2769
-4437
2675
-3624
4037
-2355
1749
1641
4970
2987
-4349
-3628
-2029
4904
-4549
1301
2934
258
-662
-4215
1192
-3020
-606
-3250
115
3945
-3529
4343
4966
-2692
1767
4284
377
3003
1268
1870
-4804
-1559
-4049
1111
-1173
-814
3586
3760
-3168
-1191
-4823
348
-3835
1678
-3570
-3502
-44
1515
3329
-3112
-67
2077
4480
3386
-3933
-592
-3176
-4310
195
147
-2392
-1822
2418
-213
-3201
-4491
1570
3764
-4750
3059
3697
913
-3701
-1861
2175
2132
1264
1051
3689
-2390
4543
4994
-3033
-1266
3444
-1129
-2226
4493
3431
2259
1074
3401
2149
-4039
-4180
-2985
-4807
4309
2500
1172
-1514
4034
-3460
2436
-2365
2342
200
-405
-284
3128
973
-3180
4210
-4990
-235
398
294
-287
1084
-1993
-1129
-167
-421
2369
-1395
-1818
4127
-3519
209
2189
-2220
-362
3891
-3440
-2061
1414
1847
-191
-923
-908
3902
-3458
-381
1182
-3396
2090
636
2963
3275
-4355
-4590
178
-1828
-2159
4017
989
-4859
-259
989
-3940
-3781
-465
-3081
-3522
-3955
3218
1339
4555
1210
-2784
2185
-2523
-2063
-320
-2818
1772
3107
-4016
-4801
-656
-4489
3486
1570
-799
-1014
-4000
3929
579
2800
564
-1957
-4658
-2468
-1263
2800
3601
-3433
108
2392
-218
-4640
-3289
649
1137
-159
115
2212
578
-1590
279
3955
90
4701
4313
-3935
4954
-1339
3416
-3019
-4218
2755
-244
-1331
-1719
-3850
-1802
1939
434
4214
1233
-1842
3996
4030
154
264
3884
-3052
2699
375
4931
1574
290
2971
-1325
898
4161
2355
-1985
-4671
719
4156
-3797
3506
2284
-4218
274
-241
3201
-2523
-1066
-626
-4426
-1439
1393
-2714
-1635
330
-4917
-3364
395
-3267
3365
4697
3175
3755
-1967
537
-4373
4492
3813
-4477
-8
-1441
2836
-272
1174
-4260
-1620
-4470
-2920
3209
3311
-4270
2318
1237
777
-2066
-2924
3508
-2992
4221
-1272
312
-438
-1800
329
4136
-4712
1128
426
2096
-4401
-2306
-1322
-1932
3703
3650
606
1810
-1203
4283
1118
-2349
-3693
2679
4317
4990
1543
-3047
-221
-1606
-1199
637
-1627
-2595
-3210
3720
2827
3733
-4982
-4976
-3629
-3950
3618
-3147
-3297
-4753
4280
2796
-183
-2725
311
2102
-3354
-4504
-635
321
3224
-4305
-2287
-2549
-2722
1358
-1166
-4498
1366
2704
3135
-2612
1987
-1321
-2787
216
1658
3656
275
526
-555
147
1721
2833
3418
4589
-1601
1488
-2490
988
-4422
-3853
-4445
-4594
-3831
-2936
-4103
294
-2810
-12
1809
3621
-3609
-1288
260
-3663
-4620
-750
1810
2612
-4860
3117
2990
-2316
-2464
-1322
-4762
4970
969
1851
3089
-3199
3957
4306
561
2957
1060
-1132
4280
3846
2096
-2219
3831
-1072
2339
-3680
-3822
1975
2180
-3885
2047
4588
-3095
-3004
637
3303
3104
-4705
4929
-2297
2856
-1523
-3845
1198
-822
1970
-1913
1426
645
-3725
-2096
-3807
-1769
-1470
-4993
-4956
2807
248
-2943
1918
-2897
-3330
-3914
-2510
3288
-3400
-75
4159
-3
2975
