-4599
-2121
-4871
3652
-953
-1721
-2212
-4283
2827
3955
1711
-3689
-3901
-3727
-1220
1510
25
-2437
-1481
232
2584
1191
-317
-2773
-4866
-2236
4528
-802
1965
-4237
-94
2617
-2436
-1169
3806
-1351
-4677
-1973
-2147
-148
2084
-2585
1363
-3179
2780
4719
-4071
-115
3288
2000
-4746
3415
-3603
-4154
604
173
-4192
3895
3871
2188
-4836
3878
-719
-327
-3215
3878
-3016
-2802
4409
-3781
-4832
-891
-889
-1986
3165
-3920
-855
1677
-4423
355
4156
-4372
-3748
4303
-4754
3100
1354
3339
2382
-634
-2650
1857
-2369
-4667
3732
914
-3204
-1107
-3525
-1641
4742
2523
329
-1387
4041
1051
-591
-1780
733
4560
2624
3164
3671
2932
-4514
-3403
271
-36
-4593
3049
-1747
-4554
4633
-1360
4685
-862
3824
-2552
4369
2378
2588
4087
2118
-1664
-228
-193
3854
-990
-700
2444
3228
844
-4782
-1651
-2241
-1573
655
2812
-3947
2409
3232
-4596
2753
4298
-4836
-850
-4152
-4734
2536
-4144
1845
-1344
2558
2675
-3140
-2725
-1331
3831
2635
4392
-3895
-4411
2540
-1483
-4685
3192
-3129
-139
-2013
-2391
1812
2921
321
4806
2415
2343
-460
-3617
-540
921
4354
4780
986
-2460
-4587
1950
860
4371
3327
1537
1314
64
-28
-3558
-2242
735
806
899
450
-4729
862
-3488
-1073
-466
-330
-2659
2889
2864
-2668
4358
3782
-4549
1296
3778
933
-423
-3834
4317
-4501
1291
3543
-3439
-3976
-481
-3654
4336
1144
158
2800
-3231
-4410
4517
-4971
-3820
-1637
-1939
-4318
820
-2572
-1383
3440
-3688
2514
3148
-3913
1525
-758
-1420
-2492
-3036
4157
-2569
-951
-4837
2418
1000
4638
443
2878
-4394
-939
-1578
1446
-4382
4939
-2630
3595
-1366
-1254
-4785
485
983
-2756
-3751
2091
-2609
-4213
-4791
669
-3912
-2941
4726
-2635
4474
-440
-1948
4818
3424
2500
-3825
-1756
155
2601
4470
-394
-4430
3844
1334
2628
2601
546
-366
-3762
61
-2547
-3124
821
-22
-1905
-3293
-1773
537
-4104
1897
-2985
-486
1626
-1969
2285
4281
4000
2271
-4068
-208
79
-2891
-3303
-519
3253
-3924
3498
-2610
-82
-3023
4820
4832
4470
-2746
-1963
-2672
8
3461
-1794
2700
-2907
206
-1256
569
-111
-3761
4104
4874
2455
-4880
4317
-2837
764
-3064
1061
-148
-1967
-1121
-4656
1853
3090
-3792
-1940
739
4683
2234
-4225
3508
4427
3445
-3341
-396
-2688
4940
-2036
-19
818
1258
1237
4692
4460
-1643
2361
1278
-1052
2498
-2931
3103
-1956
451
-678
-1494
-4591
-652
2920
-4550
-2191
-2850
-4810
-1493
-4406
-2347
2551
4726
2173
-1019
3942
-3576
-224
1396
858
-4978
2227
-2077
-4076
-4034
-3893
-1577
-955
4485
10
1694
493
4489
-3488
-144
4462
282
-2085
516
-4497
-2214
2489
2907
2364
1125
-866
4989
-581
-1553
1505
2671
-4103
4393
2529
-2066
3987
-3824
2741
2059
1889
242
4976
3026
-1268
4013
1571
-1560
-3503
1558
3853
-3296
253
2483
3758
-3222
440
2742
4169
-3542
1918
2166
295
-3792
3208
555
-4168
-3639
3098
2886
-859
-2382
-2347
-85
4241
-956
-3972
4940
-3202
2960
1764
1283
-149
3799
-1899
4683
3291
1063
2653
-3253
2289
-402
4244
1297
-1833
-2196
266
1591
3806
-231
-964
-3995
-2400
-1168
3413
3315
881
3031
-3679
-3160
-2492
348
3453
-364
2682
-3171
4458
2262
-1707
-4508
1233
4187
3754
-2243
-2512
3236
3685
-1338
3314
3426
3367
-2270
3869
3041
1786
4777
3205
2926
565
-3200
94
3190
2202
-208
-1057
-643
-1011
3606
-3279
-4728
-2000
-3657
-730
-2105
4953
-1571
-3945
-766
405
3714
-3242
255
1925
-4521
354
-2355
263
1250
3145
2865
3488
3091
568
2346
-1739
-4639
-1459
3971
2840
-4187
-3187
-2684
1231
4466
4610
-3995
497
2912
-1156
-3023
4330
4884
2105
-3229
2702
-1043
2543
287
-118
3550
2373
1503
-746
-4941
-2782
-3704
-4458
-2942
93
473
-1024
3647
2739
3872
3656
2683
600
-3495
-4602
-614
4084
3731
4649
-1840
3694
-3983
-2411
1736
-3561
4202
616
353
1773
-2179
1931
-603
-1680
-4636
4308
-2330
338
3156
-3848
3000
1911
-4273
3069
-1051
-2709
-4634
1165
-3247
579
2718
1462
-2501
3035
3629
-2497
-2020
3343
2657
-3387
4399
-2427
3310
-2892
3709
3528
-1886
97
3587
2272
-2569
1716
2547
-36
-2524
-2093
4420
1137
2208
4809
247
2476
-3596
-1195
-4761
867
3116
3807
812
-4998
4074
2341
3324
2722
1254
-2636
2926
4523
-1034
3874
461
-4518
-1690
2632
-267
3110
-747
-3394
-3
-1091
-4116
-2002
-2304
1267
-629
-4518
3002
-4054
-2479
-3719
2380
509
471
1308
4604
2326
-3974
3391
-835
-640
1828
2779
-1754
-2922
1718
-3207
-3343
-4022
-4604
-4399
4930
-830
301
-4400
-2446
-3027
-1771
-4216
-3609
-1148
368
-2303
-1742
-2293
-3
-1891
1588
4854
-2003
1642
2381
1224
4272
1552
4739
-2521
-486
1722
1212
1228
950
-3711
3097
-1210
4759
-1164
2159
-866
983
-2924
4642
-1947
-1602
-2356
831
121
-1807
-4371
-4601
-586
3060
-489
2708
890
2317
-4491
4969
3969
-4537
3567
-3638
4527
-433
-1006
-3131
780
751
2413
1835
633
-203
-3678
-3089
-4543
-1009
253
1626
1914
-1003
3936
-3831
555
1282
-3892
-1004
-4520
-1664
4189
-1045
56
4096
781
78
-4921
-3469
232
281
3528
-3768
3567
2459
-2190
3331
2662
1618
-3076
-3194
-3416
-1035
4723
-3874
1498
-1746
-4633
-4292
-387
4449
1734
-2194
2909
4381
4480
4170
-2042
3422
-374
-3162
-185
-1012
286
4343
-1394
1971
-4961
2356
4339
-272
4154
-3257
-31
-2731
-4649
1488
3503
314
2016
3941
3052
-1408
-3463
2953
1337
2355
493
4887
2736
-4373
4697
2044
3138
1391
-2527
-2161
-1217
3063
3009
-3170
4382
-2564
591
-3754
3437
-4658
1563
3150
-78
1137
1256
-2015
-3457
-2859
4644
4998
916
657
3843
-3154
2719
4636
-2118
3929
4942
87
4183
-3787
-1867
2234
-3106
-4700
635
89
-1297
280
-977
-3709
-1133
-1538
-2152
3976
324
-1243
4426
-1788
-3492
-3751
2964
1019
1158
2096
-890
-4429
-1839
-3887
-1617
1785
-4221
-4308
-3003
3953
922
-3287
-3570
4573
-482
113
1051
-3559
3506
-573
-3723
-3375
-55
-3036
623
1024
2229
-2986
-869
2134
1498
2452
-3144
1829
-1919
-3049
-2535
-4232
-2935
-1592
-1551
-1521
1065
-2733
3723
220
-240
-636
-1402
3172
3740
-4880
-243
-2686
2633
546
660
-3650
1138
3313
2670
-1547
-1693
-2965
-4164
4245
-1473
-3263
2768
-105
-4227
1614
-4177
-4134
-2339
2356
-2187
-872
-4983
3045
979
-2841
38
-4581
2723
2686
-342
4836
2028
4049
343
4942
2065
124
885
1723
-3085
-2664
-81
3601
-2985
-2148
2915
657
-382
-2988
-67
1809
2641
-4170
-1379
-3560
-282
839
852
822
-3780
649
3886
-2610
-4325
-2241
3242
2321
2631
-209
-1851
407
4467
-3678
1539
4412
-1469
2171
879
-3403
1727
1969
-1461
1982
499
-4453
-2496
4274
4355
4919
-2695
-3578
-1044
-89
-1541
-1630
3142
3961
-2884
301
-331
-4190
3669
4628
4575
406
-2830
-4554
1704
2966
2726
4751
2697
-1994
3675
2079
-1329
3546
119
4439
-4193
-2532
2522
895
1815
3437
-1356
2775
3872
1862
707
2392
4991
-2135
-1590
-4027
-3829
-1399
734
-2892
874
-2013
4762
-2941
3732
327
-3374
-1720
-3288
-3257
3092
1754
-1971
4698
-4598
-2939
3744
3181
-1300
94
-3587
-3304
-2781
4772
2297
3593
4872
4015
572
863
-1749
2888
2044
3780
2208
-2860
4308
3495
-4909
-739
-973
-2650
3724
-2641
-4655
-3915
-146
172
4877
4157
-3607
-531
2497
-4268
-3649
-3866
-4073
180
-2956
4309
-4299
955
1566
2502
-1853
1823
4364
3766
4526
-836
2915
-2238
-4748
-4885
-796
4491
912
4016
2121
1288
1968
3424
1566
-2312
3121
1229
-1876
-925
-2484
-1952
816
1115
-3990
-910
4859
84
-3405
2119
-2414
-1219
-1388
-3737
4406
-4565
-1361
-3926
3678
-4703
2604
-464
-3600
1213
-2
-4294
1551
-975
1280
-1080
2205
-4323
622
-2384
1154
4646
-1025
888
2805
-2507
-1504
2704
-3305
-1970
-3187
-609
3999
3611
-328
2728
2863
-2315
-4420
728
4774
4111
-134
2991
-3953
-1121
-2478
2505
3495
2633
-3105
856
-276
2089
4457
2464
3408
-963
-1474
-4322
-1219
-2323
-4406
-1290
-3134
-3464
4722
728
-1732
-4084
2129
-1731
3680
-3039
2250
756
-4812
-3469
-2436
20
-3267
2443
4691
525
3875
1401
-3829
-49
-3871
-1393
-16
1846
-1719
-2947
-111
4401
405
-4076
4658
-3139
2727
1353
-847
-157
3873
3417
-688
3707
4369
-2877
145
-2836
3972
3335
-3472
-3119
-4052
-183
1434
-3783
-3556
929
2267
2010
3376
-3918
2021
3571
1129
1636
-564
-4435
-4570
2241
351
-978
-2386
-2039
1633
-1974
4970
51
469
3317
3648
544
1800
-2502
-1351
-3107
-1576
1889
3940
4277
3651
1216
3780
-1712
2410
769
1508
-2675
-3964
-1636
3787
1879
4015
1249
-1333
4471
-1471
-4988
-3565
-731
-3412
1941
628
-4500
-3536
1978
3344
1322
3739
-3716
-1394
-3504
-2692
4363
-2022
-3380
-2907
-1745
-1318
2193
3582
3724
204
-4992
133
-2064
331
2373
4531
-1475
-4000
3680
4203
3534
4468
-1746
1500
1399
-4652
-4893
854
1821
2541
1542
1817
1119
4551
-4326
-2040
-3776
-2418
437
-2915
-4622
2987
2462
-1370
241
-4654
-1032
-1811
2889
3429
-3291
3461
4868
-1611
4985
-3296
-1804
4968
-4019
-4642
-2598
-1082
139
-1569
1136
3069
-2323
-2070
-3559
-4059
445
2022
-2717
-1490
2280
-4027
-4330
3013
420
-1903
-1764
-4714
-1318
-1362
-1107
-3413
2402
-1329
-3691
4482
-1877
4741
-1084
-4580
4739
4722
-2125
-3742
-535
2476
2174
4642
2620
-3283
-126
4808
3664
-1674
-3868
4408
2301
-636
-2869
-2265
-669
2651
-853
-1383
3566
335
-2945
-2668
177
4961
482
-4124
-590
-426
-4694
777
-1373
-3900
-2110
2666
1432
-3627
-1629
2780
922
366
-3074
-4114
-121
-3638
1592
1708
3907
-3793
-558
2115
735
4002
2676
-380
-188
3318
3750
4610
4972
3487
-2181
1157
4286
-251
-150
-1679
-4732
-492
-2214
-3056
-4198
4288
-2695
2444
-4747
2390
4793
4713
4974
-914
4280
-4705
2218
4876
1034
-4427
-1721
-4602
3477
2504
-939
-1408
3001
604
-242
-1421
-4486
-3174
2275
-2212
1051
-2441
3445
-1872
-1799
2885
-1299
4557
3281
-1342
1449
-2996
4655
478
-2813
1731
-268
2603
2335
1175
-2605
3085
4144
-1554
1272
1168
4440
-2974
-4395
-4871
363
1106
-4517
-3227
-4210
4275
-4703
-4083
-4078
2995
-716
3499
-1273
478
2715
-2458
2734
-1815
-3082
2233
4527
2204
579
-3213
2355
2941
4748
-4617
-3377
-4841
-1232
2131
-4930
522
1548
-2099
-1398
2699
-3562
-3830
-4969
-244
-2810
2184
3356
-4249
-4542
27
655
3716
4228
-2219
-2933
1881
-4934
-290
1792
-1471
2009
2804
-808
3285
3343
-3733
-287
-3561
-972
-4795
-4996
-4674
-1972
4781
1345
-660
1996
1550
-2147
2315
-4490
-1424
4713
-139
-4542
-4798
424
2083
315
1379
-1171
-1027
1284
-3878
-106
-3231
789
-3514
1641
-4401
1014
-1440
2761
-4880
-1402
-4675
-3755
-2042
4504
-1841
1949
1423
-1877
1514
-2494
4403
1973
-3772
1977
-3491
4331
758
-2708
-1289
351
1247
-99
-1587
-121
4360
1576
3300
2470
4978
-2060
2659
3001
-3813
-2395
2671
-432
-2736
-1551
3077
-1913
45
-180
-207
-753
-3569
-3437
-3109
-722
-2374
-1758
-559
-1488
1542
2482
4575
-983
2292
-4445
795
280
3263
2321
2029
2137
-1714
-4746
-741
3655
2245
3756
499
-3637
-4821
2173
1314
-1610
-2665
-4679
2130
584
324
2979
-3376
-2838
-4781
4425
1546
1902
-2673
1710
-329
-2016
2683
3669
-1343
4121
-888
1516
782
1937
819
-4285
-1651
430
-837
2487
-4965
4205
2640
-4512
2181
-1476
-201
1107
-1737
545
282
-1484
-685
-3141
2124
-4948
1534
-3661
1258
-3085
4708
46
4125
2315
412
-2590
-3812
3417
-2395
-1198
-1249
1487
1840
-1768
-2450
2138
4872
718
2727
1014
1836
-4886
2879
2425
3837
-4141
464
3587
1842
3284
-3824
1856
2777
4012
4354
-281
-1400
-1410
502
3378
-3087
-2628
-3365
-4950
2068
-724
-4139
-2770
4767
-1948
-822
-1888
2561
-1753
3078
-2308
-2372
1675
-4546
-4058
-3656
-1210
-2527
-3649
-3804
-1434
4042
451
-2777
2890
2307
-2317
-3067
-752
-2700
746
3661
4315
2857
1533
-1521
3136
2049
2788
1579
-1842
3107
-2992
-4092
391
-2325
2216
-3740
-65
3841
-4908
3177
2657
-2662
-2267
-2883
1272
-4631
-3265
3043
-1151
3854
-3372
-4627
-1206
-1330
3870
-549
-3081
1875
584
-4403
-367
-3206
2425
-1382
-4565
1562
-945
3225
-2669
2644
-3420
2973
4048
-3210
4495
-3763
4126
666
1146
1873
4228
1180
-4724
-4743
-4594
280
-2302
-2697
-4052
4465
-2386
-2739
3670
-2305
-3556
-4847
746
-2864
-4771
413
-3756
1118
4850
338
4248
4529
-73
-3251
2879
-2132
2009
770
-4468
-3710
2789
-2955
2250
3851
-4865
-649
4132
1090
-2724
637
-4352
310
1324
2141
1817
-1920
3207
2338
-3625
3540
227
2142
2493
3376
-1665
-97
1071
2689
3824
1098
-2210
2293
2917
-2796
-2270
-2404
-1800
3984
-3901
1496
4900
2018
-2605
2691
334
1362
-2373
-2001
-527
4621
-4495
648
-2470
2277
1299
-2890
3100
3496
-717
-3441
2161
-114
2798
-3959
3551
3548
234
2269
-4270
-139
4108
4055
3819
-3344
-4908
-4214
869
2469
2342
3024
-2817
-2159
-3867
3967
4379
-1414
2829
3367
-1517
3596
461
4744
-1294
-1871
1680
209
-3530
-81
-4505
307
-3296
619
4804
516
3717
-5
1061
4175
-4139
-503
4251
-3880
-3371
3924
-4697
-2083
-1413
3633
-336
-775
-1722
1422
-2653
562
-1929
1911
-873
-2830
2160
-4735
-4917
-2814
871
804
-2369
-238
518
-1514
-3188
838
707
-2414
-1055
571
-3721
-1240
-5
3175
-2467
2078
2735
477
-2262
-4556
1111
-2896
2115
-3468
4792
2015
-2945
-4984
-2948
479
4970
-1738
-3264
-2058
-494
1127
-1796
-4925
-574
-2859
-4742
-1188
-2967
-3838
1237
3231
-1482
-3643
832
3482
-238
-1248
335
-4139
4282
-2899
-938
4541
-616
-3033
-2163
-628
-1859
3156
-868
2196
1741
1648
-1783
1755
-2841
1029
3691
-1441
703
3590
137
-1318
-1735
-85
100
-1071
3284
-3065
254
295
3073
-2331
-3066
-4209
-4321
-2415
-4638
942
3749
-3725
2695
2511
2763
-4107
-2745
1008
-2571
-906
-4409
1577
-4644
-1608
-2900
-1763
4347
-1261
-4878
-3575
-4893
412
-4007
2521
3899
-2352
-1972
42
1416
-4469
-4833
-4054
-3259
1141
2180
-4581
-4465
2556
-710
-4393
3040
-4291
-3181
-258
3942
2043
3089
3802
3055
450
3500
-3724
290
917
658
4127
-2755
-3229
107
-3247
3015
-1576
-4968
-4046
-4334
-3648
-328
1230
3919
4631
1895
-1212
4317
-1588
-3357
4689
1663
1380
-517
-3929
-4455
746
-553
454
2343
3252
1886
-835
-1142
-783
3464
-3927
-3072
350
4513
-2692
223
-4632
1287
4041
-4211
2347
-2480
3404
-657
1225
170
3815
4748
3239
-1904
-2298
430
-703
-4650
1588
1012
4974
1490
3975
-1866
-2898
1383
3494
3607
-1857
143
874
-1120
1935
884
-4702
3855
-2244
-3093
3281
-341
120
605
-3789
-4734
-2152
724
-2995
993
2043
-1314
-2527
-1873
-2425
2609
4720
-4298
-3090
1468
763
2207
3824
3781
514
-678
-549
-3484
2829
1783
-2850
-4501
505
1476
-2373
-368
-4103
-1725
4810
2633
1102
-2090
-1654
1507
2802
4682
-638
4559
1630
1085
566
3178
2300
1118
-4187
3927
3702
-96
2175
1178
-3875
602
4196
4820
3142
1662
-1336
4790
-1361
2196
-2157
2628
4063
-3278
-3548
1625
-4661
-3206
2421
-3056
4724
4976
-1367
-251
-3074
38
-2766
-1703
-3732
-1593
-2320
-2884
2647
412
2788
4026
-3938
-1826
3730
-427
-426
-3767
-4379
-2822
-3597
-2968
-3508
4483
4031
-4269
450
-3944
-2938
4418
2747
-4621
629
-1043
3003
-3345
1175
-2670
-4127
-1924
-4226
-3855
4256
-879
-509
-2041
-2083
1454
2805
2645
1508
2062
-1395
1053
1798
501
-3966
-2375
-4722
3244
2184
1528
993
-2138
52
3957
2115
4093
-470
-811
-1946
-2994
-4457
-3379
-3123
2478
-4741
4974
4462
4408
1662
-3794
4806
-1100
-333
-1532
4119
-3371
1081
2800
3180
1918
-3506
-2044
-1954
-2686
-4865
-893
-2097
-152
-2469
2821
1859
4407
1158
-2220
4462
4484
-2872
-4586
4104
293
-2715
3911
-2771
1088
2360
1458
-158
-3931
-2408
3836
-1758
4772
1117
4781
-4570
-2483
843
-229
-4749
3987
-2611
4405
2588
3883
-1139
-3495
2648
-857
-2128
-3165
63
-1623
-2929
-2717
911
3670
-2833
-3830
-693
585
-3054
-3104
-4606
449
-2121
2468
-627
-4647
2380
-4479
2130
1393
-4860
2074
-4298
-3410
-3693
2146
4144
4507
438
-4566
-4136
-3559
-4113
2360
-4722
-4677
3886
-3072
4294
1671
1388
-3742
-2207
3257
-3471
-3601
536
-3606
-4027
-1879
-2718
-3672
-1213
-4761
4068
-765
1210
4162
984
-1996
-2259
3438
-154
1769
-950
248
-3602
-3839
4600
-2983
-4104
-175
-4503
3172
-4237
3153
2559
-1054
-1366
4934
4091
-3465
4789
-3828
-320
3984
1787
975
-1610
-2532
4676
2950
-2629
-2508
2525
-2499
2532
-4504
-1275
366
-271
-3336
692
-4469
4942
508
4540
3355
2485
-2208
-3769
2047
2449
2287
-480
-4385
-2130
-1414
4525
2917
2044
-683
4298
-3690
451
799
3217
-3016
2224
-4963
-3275
-907
45
-511
3407
-21
2446
-2740
3583
-820
-4728
-4595
-4460
809
-2068
-2620
2038
2054
-1999
2616
3728
-4294
-1840
-590
-228
-4122
-120
-1980
4231
4303
-3086
-599
675
1978
-944
4265
1771
4899
-2610
1545
-2479
4377
3914
-3234
1683
4009
1951
-1076
-1027
-586
4589
-3697
-4424
2290
-539
-4939
3103
-468
4624
278
3378
230
1951
-3599
2211
2449
-3235
-1212
1390
-3385
-79
2519
1238
3397
2224
-4714
-2790
-861
943
-4631
-665
-3998
-1226
-1934
1927
-3807
-3152
2435
-2505
-2453
-3922
-4247
-3370
-1184
2155
729
-2999
-3778
1098
-1755
1867
2861
-2244
-38
-3278
-1660
-801
-2071
-4227
-2357
672
2289
-311
798
-2832
1590
3315
-3270
1604
1888
776
759
486
2962
1112
354
-2695
3188
3400
-2746
4346
-1728
4823
-665
195
3606
2168
890
-4375
-404
4222
-444
1189
2342
1879
-4466
-4177
1198
-2433
-2158
325
1135
-459
-2924
-3860
-3900
-6
-3264
-2306
3272
3638
-4068
-4607
-4663
-4124
665
-2343
4719
-802
-1892
-1597
1987
2243
-173
-2638
4909
421
3446
-57
1822
3183
-1412
-1015
-986
2883
4775
-3372
371
-2398
4125
-451
1240
1109
-3389
-1148
4517
-1480
424
3842
2840
-4842
2268
-1006
-32
2976
3548
-4276
1674
-3082
-2534
-1284
923
-712
4301
-4063
-2120
-3034
4274
-4654
4660
-4268
-2786
-2181
-4569
-4391
3617
4565
952
3719
-4584
3283
3959
2469
-2736
3096
-279
-1529
162
2166
1873
-3025
-449
4946
-5000
3037
1417
1364
3896
2834
-725
-2310
-3797
1810
1478
1531
-4565
-856
4010
-3399
3285
-4829
1725
-112
-1697
4126
2699
4459
4386
-1026
234
2309
3494
-2220
4040
-3843
2521
-990
1075
-2461
556
4938
3669
-3600
-230
162
-3670
-782
-1402
-204
-4832
2740
1600
2882
1514
-4660
3219
-3881
-4512
1805
-402
-392
-2457
-3507
-1267
-4647
3097
-2079
-3837
-3812
864
949
-42
-620
-2060
-2584
-1145
-1241
-2914
-3901
3469
642
776
-3846
-4419
-1129
-4892
-1509
-680
-2110
-2730
-108
-1583
4665
-4370
-1743
-3783
-1999
-4762
2051
-3255
-3219
996
3340
2044
3810
-2436
-3946
-3098
2726
3238
4851
-4492
374
-1769
-657
4465
-1641
1119
962
-4637
-284
-2450
-1854
736
2822
-4109
-794
3968
-558
2291
-1915
-4336
-53
4722
-1604
-1248
-1319
3601
2750
410
-1262
2021
3670
671
2612
-2032
4856
-80
-4076
1982
-1675
2742
3537
-3683
733
-2642
-1806
-3398
2079
-3707
830
-556
-2116
2667
186
-4801
4522
-1161
1228
3656
-4396
4919
2527
-1840
3326
-3198
-2129
-4025
2855
-2931
1604
1878
-4393
-4922
-3764
504
4328
3280
-3087
-3802
2785
-3989
1514
-1682
-3092
1999
492
1999
4185
3157
-1903
-2396
-340
4626
3761
4442
-238
1009
-4963
2000
-1007
3852
-4389
186
-3379
4711
2603
850
-1050
3753
-585
-757
4287
1559
585
-1469
-1142
-449
-2505
-523
318
-354
-4022
-3608
1227
-3234
-3395
2120
3780
4848
-2624
-1889
4666
2306
-4181
-785
3962
-2067
-4544
-2785
-4307
3197
4729
3135
4990
237
-2847
-4055
4168
3663
2287
-4266
-3555
550
-1684
4794
2579
448
-4107
1198
-4664
-3565
-995
-3400
1223
-1950
-838
857
-4461
-4757
-1025
-1245
2096
2305
-4118
68
4385
-3534
2228
-4253
2683
-2124
-1226
2486
345
-1472
-917
3582
-2887
4843
-1824
-1345
596
-4227
3063
-3520
1018
2640
-4085
4123
3659
4935
-802
4434
-2061
-120
4606
-129
3197
-4888
-1481
453
-4152
2865
2066
-4344
3207
-2302
1674
-1642
1233
2771
943
3985
617
1604
2228
4730
-1095
-4927
3298
-277
-425
-60
-4048
-2544
3274
-777
-4726
-141
3493
3604
-2754
-2781
4705
2091
1798
4865
3258
1679
-529
-425
2224
4461
4968
773
1053
-2182
-10
2489
-2266
-2088
1972
-3670
-1045
-4827
-1688
34
-296
1009
-2687
-795
-2114
-887
3804
3714
2956
2037
-858
3765
-4298
-598
-2132
2038
968
3180
1310
3714
3604
452
754
-3053
-2057
-2838
-860
383
-1783
-912
-3093
1130
2835
-4694
-4089
329
-4949
-2899
3159
-220
-533
755
-425
1975
912
2392
-3914
-1706
4302
1861
1173
842
113
-4810
-4965
-2772
-2370
410
-1802
-676
-1032
311
685
4670
3502
-2617
-3392
3858
3393
-3997
4081
2943
-2396
-3462
1211
-4836
-260
750
3280
-4021
3159
-3813
3394
3905
1257
1797
-2745
4214
-4351
-4115
-4193
2022
-3878
4847
529
-351
173
763
3713
-3851
1028
2334
3119
-4762
4953
-2531
-4743
4840
-211
3310
-160
-2711
-4251
-2270
183
-3331
-3889
3651
-4072
-3866
-2926
-2794
4690
-64
3187
-820
3693
3543
132
-1333
3421
-1514
-3257
-4540
116
-3283
-1888
-655
4722
878
-1064
-1603
-664
644
-3458
1791
-2325
-4064
1592
1380
4563
-1919
4519
3513
-2493
3567
4888
-526
-3981
-2379
-1817
4586
4536
-1159
-2850
-2505
-3706
-2680
1388
953
4316
1059
2384
-433
-3395
-1056
-1484
-2955
255
2271
-3449
-2866
-2340
-4470
-1133
-2005
-26
-2105
-3059
1269
-552
1773
-3158
1932
-4473
849
-1538
3692
-3545
-2564
1504
-1591
-3974
-1254
-3846
-4408
4595
2722
269
-103
3353
3437
-4255
-3404
3895
-91
-4839
2735
-224
1339
-4123
3385
143
-4843
-4063
-3274
-3395
-4782
4587
-3928
-4356
2235
2
4278
4800
1224
-3190
-1733
2877
-932
1803
-3826
-3636
3071
-727
-3894
631
-4538
2383
-1687
3652
-64
3317
4082
2718
-3905
4512
4635
3550
-2462
-2168
-451
-4535
-4485
-1323
-3309
1811
-3823
-2381
-2018
4929
4516
4356
1049
2140
-3463
-3516
3059
2097
49
2840
-1090
4870
3274
2992
-2093
4263
-319
-1381
2000
1966
2162
4298
-704
-2575
1087
-4451
4885
-3131
713
-2695
-1948
3297
-1843
3371
1836
-4195
254
3590
-3179
649
3467
-776
2850
-1942
4828
-3190
1154
-2001
1119
-2361
-3256
-4830
-327
2692
-1163
-4870
1787
1293
-2305
-627
1107
2529
-3184
-798
-3861
-845
-4626
-3516
2675
1154
3858
-2893
-170
-606
-2041
1589
2987
-4567
-239
-438
283
2022
3144
-2083
537
3243
-4145
-3802
4147
-4053
1045
284
1572
2014
3096
3544
3571
-3774
-2672
-3532
3323
-3892
2447
-1101
2888
1532
-3165
3674
2955
-3874
4886
1964
2026
-2195
-1629
-4349
-489
-2542
4020
330
-1893
-4742
3804
-3016
4687
-4651
3870
-3194
-441
4795
3385
-4814
-4628
4713
1600
668
-2844
-4743
-4966
-2099
2047
-4048
-2605
-4104
4993
-3936
-3459
2169
-1865
3262
1703
-3847
-440
1086
-1705
-1532
-2919
4378
-2793
-319
-4675
3650
2362
3312
-2904
-4547
4154
4707
-4242
-1475
-3409
-2925
4924
-351
-915
-3997
770
3732
-1813
4817
668
4754
3067
1513
1580
2139
-2837
-3068
-4986
1840
-825
-3075
3432
714
4857
4388
-3133
43
-513
-1684
-630
1436
-1306
4479
-2250
-4571
4584
-4799
-3037
-645
752
3393
4475
-4541
-298
-1108
-563
-171
427
-292
-1014
3676
-3054
-2530
4684
4057
-3479
1170
674
3559
4051
-2661
-4356
4874
1924
1813
1216
3713
3624
502
3303
-2486
-768
-595
-2504
-1100
4618
-3017
-3954
-1072
-3812
-527
-4712
-2367
4124
-3992
1677
-3070
-2193
-516
-1287
-3673
-2116
3923
-1207
2411
-4004
-2743
863
2008
4945
-4187
-3726
-2762
4064
-4617
166
-1798
-1444
-722
-2317
-3008
-1311
214
-3291
947
3897
-4706
-1873
-391
-3538
-2360
-4676
1276
3517
1401
1412
3523
-685
3728
-1977
-97
-1193
4612
-4167
17
-2605
-27
4426
4777
-4048
-3083
-4576
3177
3806
-3120
-2524
680
3725
2630
-3386
-2846
4731
-3831
1646
2124
-2774
1505
-4352
2646
-2452
93
1579
2090
3710
3109
-1122
3584
-3394
1307
-3769
3332
3339
3151
618
3935
2712
-975
-4534
-2287
-1332
-3759
-4121
1137
2953
3123
-1084
2427
-3802
-4001
131
4136
2491
-124
1424
4204
4553
-3059
-713
-2824
-140
3323
-2013
4079
-4609
4769
-1213
3638
258
31
-3109
-1995
3417
1254
-763
-3526
-3076
4171
-2814
2876
2758
1591
-927
-2339
-1931
-3558
841
345
1358
2943
1991
-1093
-2038
-1253
703
1391
-3760
4191
-3375
-4398
-4816
1949
-934
3717
4986
4616
-3116
-2367
-1047
-812
-725
-2412
-81
4668
-2868
3145
-675
-2446
3292
-3882
4831
-143
2802
-1841
947
286
-1086
1416
-4268
-2291
3767
871
455
640
3084
1736
-2383
-262
-2184
-3702
787
1890
-796
-1497
211
-2445
3625
-335
-4024
4656
-933
1591
-4670
1413
2156
2087
3811
-568
718
605
4462
-1138
-1399
4698
1898
1003
-1915
3824
-2589
4433
-2731
3001
366
4073
-1440
-1913
-2137
-4592
-4675
-3273
3289
-4952
-950
591
-1463
1056
-807
662
-2209
2670
-3064
-3965
4833
-4744
-3845
-3939
2254
-4798
-1864
-3135
-1644
-4015
-817
-4382
-2385
-754
-1708
-917
4127
3815
3067
3152
-3292
3375
2942
4515
-3575
934
-3890
-1454
4426
-3901
931
2989
1715
-2195
-1870
-3099
-2698
-2535
3546
-2416
-2871
462
2555
2777
1354
3700
-3324
789
543
-261
-217
-1792
286
-2104
2699
-2938
-1418
-3014
4733
2781
-3879
-2533
117
3391
870
1538
3248
2502
3751
805
3839
3568
2948
-1909
-4613
-2221
-3807
495
691
3337
-4645
-2367
4101
-1284
3195
-4057
-2267
-3811
3284
1009
2428
-787
-3217
-4198
2847
1503
-2880
-1046
-3893
-1243
20
-503
570
-2042
3369
301
-2875
-1758
-389
1828
183
2028
3271
-35
2537
-2666
-3475
-303
4511
-2197
-3641
-3761
94
2837
1536
-1675
4168
-2242
-1613
4811
1750
-3756
1617
-983
1808
-3210
-2850
4584
-1316
1803
-3703
-1098
-1999
722
4854
1843
-4377
1411
2762
4793
494
2213
-1277
-4808
1511
3225
-1471
-3153
3298
-3773
-4172
-1945
3333
2824
3875
-2983
-715
-941
-1674
-3568
-2684
-574
801
-4407
3880
-2130
1838
-1705
4388
-4152
1766
1011
-2939
-2146
3595
3856
-757
2124
629
-308
4562
208
-2857
-3869
-3540
1286
221
-3650
-2916
4034
1957
1929
18
2748
1223
-1326
1582
4436
305
4828
-4765
-1849
2260
4979
-391
-3301
-315
-1862
-2
4244
-1727
-671
3707
-2199
-3088
899
1071
3744
-300
-3445
1242
3046
3918
-1770
4472
1051
-1635
4659
-2104
-134
-3723
-1369
-1177
2230
-168
3886
158
-4817
403
-2516
325
4804
4088
2001
-3278
211
4579
-246
-2702
-788
-101
-972
1827
3123
3991
2940
1244
4852
1354
2274
-1319
-4655
-2852
1420
4774
-2105
4903
-1369
-2873
-1297
-4597
3576
691
1216
430
4832
395
-927
4052
-3522
-2886
-1140
3718
2542
-4198
2399
4066
-513
800
1948
-3873
-4941
4742
2543
2011
1983
-3404
3696
3684
-2014
-3190
-258
-3745
-4733
4619
3292
4232
1282
3609
4632
-4458
3633
-1942
-2842
2490
-260
740
-4533
-2236
-2125
-918
3717
1218
3368
419
-4136
-1226
2947
547
1811
-3725
2068
120
-4079
1876
-1408
2435
-660
4633
-3092
-2447
4012
2543
2936
-890
-2948
-3414
-3310
2837
-3123
4225
-1397
605
1877
-1833
1927
931
2879
3681
-4386
1336
-2778
2345
3295
-3544
3564
-3794
-1580
4655
1860
-1946
3345
-2265
3856
3873
-4714
-1230
-732
491
3412
-2464
4697
1549
-1684
2814
334
-3359
-2285
683
-4295
-480
770
-3912
4347
1241
2073
2956
2002
2801
3428
1873
-4648
1458
3541
190
-1528
-78
4305
-2142
-4351
2656
167
1882
3027
1708
3338
1615
1830
4068
576
2207
-2279
-3769
2980
-3914
4312
4152
-42
2632
-3769
-3599
2
3230
-740
-1535
-2899
-4021
3417
3012
2235
-4534
-3514
1709
3902
1238
-947
3218
1033
2757
3327
-1788
-3005
-1358
4884
3850
-4553
-378
1568
825
4840
-3982
-1583
2226
3938
2443
-1564
1896
396
2578
1751
-2500
2873
-1185
2025
3671
-611
-1446
1070
-4717
4717
-2907
-977
4262
-3409
633
-1266
-3091
-2591
-1156
-3450
913
2677
-84
-3199
-2344
2010
-3125
-2204
4570
3270
-1978
-1563
-4242
-2065
3427
-4755
2945
-1111
-2825
904
2531
-4551
-206
216
-3378
-1992
2168
-2358
4819
-3308
-2164
-2304
3651
3120
-4789
3597
1766
-436
-3934
-4432
-628
2271
-3332
4712
1998
3152
4508
-4011
2432
-923
-1900
2719
-3499
-2750
-4656
-4496
-1953
3187
-1054
-4708
-3582
3861
923
-1455
-3373
1566
-2942
153
-4638
4221
2228
-2228
145
-468
-4312
-1165
352
-2318
-3123
3671
2823
4741
-301
-2696
-1201
2972
-1629
1482
4301
-2749
-4180
3625
-1268
-4824
-373
4333
-762
-2062
-2090
-3368
4270
3969
-1435
3308
4685
64
-339
-1429
-2984
-3929
570
2262
202
-1075
2825
1654
-3597
891
-1760
3897
-2899
4076
-2422
3956
3558
3488
4322
-3752
3471
128
2923
3439
-2272
-2421
1321
-2555
-2379
-2593
-4096
-2653
-646
836
-4056
4806
4590
-3118
-4183
-418
-3241
3587
-2151
3
-1070
-2526
-3905
-958
1780
2546
2643
3414
-4269
4860
3476
-2719
-1734
-575
-3179
2265
4445
398
-3995
-2448
-4455
2061
2681
1035
3142
3079
-2535
4916
4205
-1385
4308
-1221
736
-998
-1872
3191
90
2755
-2686
3482
-1307
1579
3334
2499
209
-555
-3044
-707
-3497
-4417
4575
2101
-693
-507
-1821
-3607
-3817
1888
-1078
187
-2998
-1236
1923
-3995
-3092
-2265
-2415
614
2876
-2236
4259
3658
3257
1056
-1803
3384
-1143
1036
-3166
3414
3241
3464
-3213
-2265
1506
2481
2665
-428
2356
1330
-4397
3448
-526
-1562
-4564
-2924
2186
4781
-1435
3716
3550
-3012
-822
3033
2420
-401
2484
1893
-2666
4218
-3717
2742
3767
-1379
-395
-839
1443
-3819
-3601
-1248
4850
-3969
-346
-4962
25
3528
-3742
3854
1388
-3759
2753
3140
1172
1646
3596
-4645
-3815
2572
2216
3518
3180
2946
939
-206
2964
-1871
4504
2352
3139
-4523
-983
-2703
-556
-3234
-3000
1666
-1949
-3656
-3622
3846
1080
-987
2168
587
1106
-1379
-4276
-2300
3676
3644
-2988
-506
-2801
-4999
3414
-2337
-3196
4807
-703
1392
4116
-235
139
-85
-3666
4736
-3140
2199
1188
3080
678
-3056
-1486
4111
-2784
2444
-3749
-4034
-4739
2280
-2638
-4078
-3698
-127
-3357
4388
1345
2895
4092
646
-317
-2004
-3637
984
3881
-4430
-683
-4853
295
2529
-305
3773
-372
-4560
-3843
-701
1850
-1108
4325
805
-1451
-436
4479
3410
1944
2932
4171
-1244
-706
-1080
4703
1279
-4685
4712
732
3203
-4552
3562
4972
113
-1475
4166
234
2907
4974
1722
2685
2755
1341
-1586
1938
-4763
1304
-3582
-3210
-1055
-1290
-2669
-1555
4064
-1773
2524
-4926
-3816
-2523
-151
-4597
-646
3643
4599
2983
4377
1217
-1064
2183
-3035
1218
2642
-1385
-283
-1909
2247
2968
-1708
-2072
-4433
-1381
-382
-2467
1425
-2085
-2102
-1037
2641
3960
1812
1149
-1213
1308
2097
2630
-4963
-837
3188
3608
3899
780
-880
1979
-2772
1918
-2436
-4535
4362
4665
-2364
4074
4535
3091
2457
-3391
-78
3291
2616
4146
3129
-1035
-4281
-3890
-2983
3506
-1812
429
2336
-4165
-648
2646
3316
4427
2625
-690
-820
2055
925
-326
-2388
-2070
2874
4707
494
2177
4762
678
-2308
1567
-836
-4988
-246
-3010
1062
3245
3215
-1421
-1138
-380
1109
588
552
1150
-2010
-1047
-2311
-3859
-4586
3989
-997
-2092
4592
-3601
-1399
6
-808
-2343
-1654
-1713
2672
3196
-358
1262
3734
1926
-2508
-3763
2283
-143
-4516
4527
4974
-1391
-1336
-891
-1850
1450
3551
861
3983
-3156
3866
-4664
-2629
508
-4729
-4985
-4806
4944
316
4401
-2988
-2826
3384
-622
-381
-2095
1477
4003
1934
3138
-3254
-1965
2400
-257
-3475
287
3576
1058
4710
-4285
2505
-2735
4478
2957
4641
-571
886
650
-154
3353
-2364
991
-4708
-3439
-3768
-4186
2436
3572
3965
2979
207
-1528
4652
-4174
1312
2905
-1430
-4033
95
2981
-1983
-4302
2457
-9
3580
-155
-379
3518
-437
-1421
2321
3705
2007
-3378
-4437
-783
1583
-3139
2685
963
3825
4737
-657
-3096
-2411
2834
2144
1443
2579
-4230
3327
-4201
-1595
3982
4787
2322
-3338
-4827
1611
986
-966
-1722
-2432
-3981
1223
2258
2198
2618
-783
3387
3569
-1887
516
-3840
469
2470
-4166
3590
-3979
3154
-1188
-620
-387
2956
869
1355
-4021
-3257
-2557
1120
-4280
1439
3254
1608
3685
-869
-3861
4175
4944
-2593
-2478
-4092
3110
4514
1466
-459
-3470
-4506
2255
-3454
-1324
-519
-2326
1568
-1219
2007
-3369
-3091
4502
10
4484
-4453
1648
-4609
309
1452
-266
3110
4356
392
2622
-2138
2821
4397
1327
3818
-4840
-301
1437
-4388
3688
-4870
-2401
4781
2880
-925
-1310
878
1901
-1975
-1354
4174
-1089
-3622
-1242
-4752
-4583
2341
1333
-57
-4248
1506
-4140
4737
-1680
-504
544
-482
817
-1681
1112
-4724
-728
1699
2364
3009
-493
-2735
1616
2691
-1059
-1919
4752
-4169
2327
-4128
-1553
500
-761
2441
-728
-269
138
-3200
-1195
438
4741
3883
-307
-366
-4583
1789
2631
2042
2293
3759
749
1641
3893
-4323
-419
2204
4312
-3829
-1415
954
3120
-3518
-1666
2496
3987
2108
497
4333
-2178
-4297
-2699
3863
-2120
441
-838
4377
1092
1536
-3905
394
3441
-1372
2632
1258
-628
-980
-246
-4597
4021
-54
-3725
-4758
-2561
-4220
-1913
-3864
2128
1920
-4234
-2662
3944
-3589
-3959
-4311
-1329
-2122
-4950
-825
1623
-2947
1875
591
-4303
2933
-2081
-3049
-4261
2466
4350
-2123
3959
-1294
-764
-1829
-3082
-3382
-4560
-3328
4787
938
3321
4189
-515
-1217
-1596
2512
3932
3158
-3325
4320
245
4120
-4808
-3889
2648
-2970
4008
-2843
2535
3202
1402
-2706
4529
-377
526
802
-3636
-1065
-3462
1548
-1984
-33
-4416
-294
1456
-1816
3644
-1279
-492
2317
3480
-4487
210
-2396
4178
1756
1004
2379
-3658
663
786
-4527
-4555
-3462
-360
-1330
-4809
930
-1822
2463
-932
4640
-4757
2210
-2722
-2602
-3882
3594
3922
-195
2331
800
-4802
-986
2883
-666
804
363
-3457
3833
-2324
-4367
-2382
-1774
-3504
-3635
2704
217
2865
4704
526
4600
-3688
-3520
3128
3527
4806
-1948
4081
-760
-2244
827
-539
-2415
-3049
-2998
1547
-270
3411
176
-3850
418
2208
-3192
139
1659
-3886
-469
524
1342
3538
-1713
-4237
932
4674
2288
-4774
82
-2930
2008
-617
2520
2494
4430
-426
-3866
4776
-3527
-1970
859
1154
816
-4011
2796
2053
-817
-3089
-2690
1757
2807
2434
208
-772
2339
-1867
-1641
-2321
-1309
951
-4409
3881
-2121
-4021
1659
-1397
3066
-3039
1954
-267
-2472
-1312
-4986
-1578
-1971
-592
-1734
2238
-949
-2364
1647
-3547
3991
3668
3747
3285
-623
4312
1687
-3742
3791
-3887
3259
1226
-4107
-158
-2088
-3352
898
1627
3209
3378
1546
-314
1191
-846
2699
-1846
-256
-191
4223
-2291
-573
303
2206
4935
235
3840
2060
-4767
102
-3792
2262
3100
832
-329
2276
-1394
1137
2424
3436
3656
1599
-3581
-3133
2451
-3039
4778
4736
-1960
-2174
-2079
-4737
3822
670
-4353
-321
-258
-468
4881
-4823
-3021
-1112
301
3677
-2770
-3988
4067
2731
-3178
-4678
-2512
4138
971
-887
2252
-104
3835
137
-3228
-1361
-2210
3988
3922
-3280
-4740
4708
3000
-4129
-1953
-4741
3243
-373
-1501
-3438
268
3288
1097
2962
4642
1531
4155
4793
-4861
-3951
3258
-487
-782
2764
2931
4883
1761
4892
-368
4171
1608
-4154
826
-3224
-1106
-1517
4956
-646
2404
-841
-3501
3592
-3039
2379
-1502
4710
3992
4314
2850
-3297
-2666
2165
1847
2053
-3209
68
1645
-3198
4904
-742
-1391
793
-4425
371
-4068
-898
-1866
3165
-2614
-2369
303
-1024
4457
1950
-4079
-1750
-4467
4892
4377
3659
-912
-3885
-3076
955
-4105
-4544
1440
-1485
2752
-1301
4987
735
-3786
-4844
1635
-3523
-1849
-3700
3364
242
493
1229
3968
-2774
4345
-1865
-3344
-1639
-3186
4312
3753
2947
2649
871
826
-4923
878
1294
-3582
2942
-3587
3553
4974
1053
2868
-1729
-1616
3112
1982
-4748
-1765
-2698
3817
4728
59
-4342
-4955
-2152
2609
-356
-4920
2511
-2356
-1451
-4113
4592
-1357
2423
1487
2227
-673
-3944
-534
58
3462
4601
124
1134
-2462
4615
-1563
-3397
-2240
3260
3553
1796
-621
-4269
3619
-4923
1321
-4505
-3952
-4220
-1322
2870
-2504
2178
3036
2375
-4913
-4829
-4484
-4379
-1287
-168
-3962
-1049
-4619
1669
2717
766
-3456
-204
-1258
-2390
-4518
-618
2846
4025
-2282
4721
1627
-3827
2890
-4278
-1557
-1447
4631
-224
-4455
1544
-1374
1907
-1698
2538
-2079
-97
-4205
-421
2657
1929
-3003
4066
3316
-2988
-3550
67
-568
-4208
1423
3105
2738
-1311
2812
4180
-2982
-201
-1233
-3758
640
1855
4157
3790
700
-2555
551
-934
3283
3348
2801
1417
4934
2092
-146
1734
-2476
655
3127
2698
-1953
2856
1978
2494
1884
-3656
927
-2498
2020
398
4374
3510
-4248
-1853
-2724
-3796
-1167
4895
-4323
2537
-2811
-4933
2723
-2571
-4603
-812
4636
-4930
2756
-264
3690
3397
2627
-1807
2643
4293
-4441
3963
-1303
3377
-3397
612
-1260
40
-3807
-3249
-3269
2888
1092
4436
2818
156
-2246
-2392
-50
-2461
-2587
1668
-925
2463
-1128
-3835
1502
3590
2199
751
446
665
-921
430
2717
-1025
-4588
-2405
-4211
-1427
-3854
-56
702
-716
1851
680
-4916
-2601
2054
-578
-4859
3767
4345
-4816
2679
-3763
-4555
-73
-3256
-2573
3440
-3546
4799
4207
-288
4517
1536
-1043
3187
-3847
1958
-2488
-4580
1553
2168
-2043
2952
-2336
-2610
1148
542
338
-4356
3956
1748
1388
-3
3962
4542
-2171
-3381
-2226
178
635
-1333
-1702
3927
-2413
-4506
4543
-1316
-2671
-4831
-4354
1861
-2145
-4610
4927
-1921
-1298
-2645
1026
3525
-409
4808
-4896
-581
-1123
3335
1852
4552
1121
-1716
-1716
912
-112
3828
3982
-4273
589
3793
-2439
4770
-73
-4061
2305
2992
-2538
-3853
150
2406
4696
3097
-2790
3167
1890
2269
-3523
2162
-2843
538
4503
645
3039
3487
513
-304
2347
4767
-336
-2100
118
-3832
607
2747
559
4448
-3320
-4783
3786
-3636
4910
3807
1888
4075
4698
-3264
-2073
-3090
-2384
-531
1002
1275
1998
-3717
-1115
519
3457
4900
1023
1120
-3741
-3757
-285
-3763
-4171
2713
2157
-1075
-12
2268
-930
-340
1595
-2529
-4628
-4812
-538
-979
89
-1088
3422
399
4047
2028
2549
-4179
-3995
-2936
-4688
-415
-1600
1451
-2004
3047
104
-540
-3826
-1584
-747
-1076
1403
1078
-3337
-3992
-3263
1946
159
-3366
4688
-4007
2750
3526
-343
893
-745
-2158
-1967
2880
2675
-3417
481
-1061
-494
-4283
-1330
732
-2503
-3566
-2976
-2922
-164
3699
-591
674
2968
-2813
900
-3052
-2819
-1104
-3777
-600
3159
-1467
1766
-1013
2281
1698
1285
-3962
533
-760
-3894
3653
-2007
4464
1661
4871
-919
-981
2173
-3603
-1564
2756
-263
4853
-3434
2290
-3577
-4688
4027
-2038
-3804
3551
443
3425
-3063
3533
-1146
-4642
4534
294
-4100
-3506
62
-4907
-4711
-3407
4590
3706
-852
-3726
1147
315
4163
-2267
1447
-2255
1861
1320
-2448
-717
-4805
267
2341
2209
-1844
-4084
4070
-2953
611
-388
4183
-2271
2783
1053
2256
1805
55
-2371
2196
-3061
4296
-420
732
4530
-2868
-1656
-4064
-2116
585
-2102
2881
1074
-1021
2457
3606
4722
-721
4653
2272
2060
4949
446
-2452
-3348
-528
2251
-3547
-414
710
198
2100
-626
-2497
1340
-2971
-42
-4748
4243
-2265
-4966
-2171
3708
2895
4110
4678
-201
3209
-186
-2393
2070
-2611
785
-4929
-1606
4186
-996
3044
-3095
3506
-633
26
-3215
4193
-2651
4806
4503
-1926
-4051
-1411
8
4592
-4483
3357
-3359
3471
-4146
-4504
489
-1867
-3406
4281
2507
-2000
-3606
-1339
978
2820
-2828
-4417
-2626
649
1234
-857
2803
-3441
-906
-2672
4848
623
3193
-4148
-1251
2992
4091
-3625
-2147
3651
1172
1901
2259
3211
-2183
-231
4945
2972
3963
4987
-3428
-785
-4567
4900
491
-1441
37
1073
2062
-3085
4340
-2334
-372
-728
47
342
1540
2954
4183
2053
-1947
208
3765
-279
153
-95
2255
2874
-644
-570
3975
2261
-3237
462
4446
376
-761
-120
-4747
2556
-3784
448
-1324
-3904
4254
1625
435
1534
4659
1923
3733
-3076
-2707
-3526
-907
-479
-3265
-3973
2841
-2095
4719
4163
3731
-1849
3778
-4123
375
3423
-1997
104
-3914
-947
-4477
-3989
-952
-499
1819
-2442
569
1672
-1939
-306
3178
1439
2920
-1100
-4776
-3753
-4647
-4452
4042
4274
2671
-1851
243
-2154
1015
-4999
2472
-3284
-4026
1682
812
1863
-2635
4119
3062
942
3366
-1822
2660
2584
-1995
4320
-3799
-3069
-1542
-2108
-223
-783
-3477
-4152
2182
4256
-3665
753
-2485
-396
4029
-1315
-2827
-2076
1426
3324
426
1901
-3919
4248
3889
-4537
996
1715
-4311
82
2689
-1892
-74
3388
-4887
-3635
3974
4258
-3318
3972
-3119
-336
-4269
2699
3551
2583
983
-2714
-1229
570
-3973
633
-635
1013
-2278
2051
-2658
2203
1721
-2917
3164
-3989
-1500
-4458
3413
4205
-3914
690
2649
654
872
-3197
-3744
198
-3391
-4121
4322
-558
-901
3703
-4219
-1677
-90
3692
-2303
67
-3738
-2244
-2864
1679
-440
1808
4289
-4011
-718
3059
-69
123
-4713
-1447
-385
3897
-4086
3897
-282
4357
-2518
1945
-4295
-3495
428
4
-1648
-4397
-409
2475
-2318
-3655
-4472
837
2315
-4154
3925
324
-1525
214
-1201
4390
4139
-1750
-2096
-3516
-3717
536
1284
1403
-2761
2034
1301
436
1560
-2927
-4482
-3118
1366
3374
-4287
952
-4549
4076
3539
1284
3939
1446
-1051
-1604
-3088
3729
-2722
3300
218
-2563
-4508
536
3747
2477
-4118
1468
3384
-1151
-2237
286
-3997
-3252
-763
-4939
-4115
3143
3640
-4616
4354
1553
-1075
-3683
973
-2111
4508
3452
-2526
3274
4677
-4592
2074
-2887
-840
-534
-935
-258
-319
-1855
4283
2981
-2309
-1846
61
32
-1179
2239
1817
1555
-3423
2255
-231
-3205
-2967
3571
2860
4091
1837
-4504
-4250
-3691
855
-706
3809
-366
96
108
4194
4430
-4965
1485
-2505
2803
-4658
1899
-2884
-944
3266
4566
4204
-4107
-4816
-2319
3700
4398
-1877
-4726
1300
-406
-916
-4172
4943
3094
4232
-3309
-3406
-1205
-49
3507
4401
2321
4637
2725
-3315
3486
4419
-2762
4482
-64
-2224
4718
4524
2066
-4744
-958
4617
1870
663
3479
-3174
2991
3215
3508
4595
2
60
1010
-4062
-3543
-4135
-1357
4860
-661
1836
-2341
1907
-4772
2268
4128
3779
3844
-1517
858
4652
670
4478
-3546
2346
4319
1297
3453
-1776
-4527
-3561
-2004
4404
3052
-1881
-4096
1715
2624
-1949
431
3205
-2720
426
2870
4571
-1314
3053
-1781
3797
-3232
4111
2078
304
-692
3717
-4479
2941
-2186
-3731
4480
-4052
-1038
762
1167
-1113
-1785
3677
3920
3051
4451
2016
2877
3665
-2635
-1555
-681
-2676
1099
3723
-916
4970
-2360
-200
4847
-3539
-2543
-3550
-3849
3060
-795
2223
-2811
-4462
3959
700
1043
-1104
3833
-3070
1670
-2146
-2105
2533
-3760
-828
3869
1559
2325
1191
3253
1642
-3529
3528
-511
3154
4048
-2586
-3359
-4568
75
-2157
-3486
-3301
2624
-2268
-844
-1296
4890
1138
613
3003
-1385
-2802
-1713
-2474
4891
3154
43
-1298
4433
4930
3489
3261
-1264
-991
1918
-2831
565
-2833
448
-4260
-2861
-496
1184
-235
2435
-1272
876
-1237
-3254
-1661
-848
1370
-3994
4369
720
1126
2020
3902
-2107
-2828
-4383
-3760
-4734
4456
-3526
-2887
-1630
3497
-317
-3651
-4607
-479
4753
-1795
-45
1697
-2699
1585
-3132
817
-3803
4565
1516
-4284
4984
3210
3134
-4294
-643
-563
4703
3631
3544
3285
1886
-1872
3867
3910
948
1646
-2898
-3486
-2968
-3700
4362
143
-321
979
-25
1428
-1713
-2060
-2192
3085
-593
637
2944
4910
-915
-2459
2123
2243
715
-2607
-4245
4566
3702
-4519
4278
4554
4725
3109
-4360
2981
-3205
-544
-4334
-2902
-1208
1871
223
4500
1314
1643
1935
3038
-916
3241
2706
-1441
-4896
-2069
3458
980
-4674
3136
1917
1670
737
-4618
46
2426
2330
1424
-3145
-3193
-276
1906
-2274
1170
-4493
2425
-1023
-1691
2497
4392
2534
-4194
-1721
2541
-1805
-1741
-4020
-3935
4070
1940
1853
1439
-125
-1383
-1279
2812
4521
-2630
600
-2828
3471
-2931
111
790
-4752
-1590
-3693
-2651
-2929
2923
1968
-3265
-2823
2079
4
-4501
-858
-4930
3556
43
-389
-1578
-3909
4145
-2000
4211
-3109
-18
1113
-242
-1439
-2043
4707
4172
-198
3935
1628
-3305
-3429
2391
2271
-1237
-686
-3883
3244
-3130
-841
2760
-3920
-974
3582
2476
-507
2559
1691
3916
520
1673
4626
4785
131
-3639
-2501
-3032
-4745
3448
-1841
-79
-4584
-4803
1505
-1020
53
-3513
4747
-658
2674
-3961
-4908
4681
3412
597
-3925
-1287
1800
-4813
4867
1427
-3552
-1298
4427
-920
1563
2176
-2375
-2529
4448
-1149
4578
-4543
-2825
1744
-3512
-562
-156
3382
4689
-3139
1009
-2890
4384
-384
4534
1258
1858
2342
-4136
-202
-3273
2041
-1349
3878
-2614
-3800
-1531
2039
-4801
-1408
1777
-3053
-1799
-4589
-3875
4484
437
2458
-4032
-2759
-3706
1526
-2181
-4618
4861
882
1515
-3787
3541
-4795
1880
-3573
3177
-2444
-3346
-3802
3107
996
-3675
2914
-4687
3373
-2929
-4421
2870
26
-115
-3028
-1414
2796
-418
-1354
2751
-4481
4950
3260
-3679
-4972
-1545
955
3625
109
3726
-3897
2335
-825
-4196
1889
-3287
4513
-2561
-1323
-4060
-932
797
3647
-4355
2219
-2355
-1619
-4419
-2295
4241
-4800
223
-3671
-4668
-532
4239
-5000
-2228
-289
1521
-3728
-4964
4158
-4837
1910
-3351
-229
-1456
1331
503
4499
474
1471
783
-4300
3267
2057
1023
3483
-1071
979
-3762
-3013
-3493
922
-3094
666
3836
-4300
-768
-2139
-4078
-1710
375
-1308
-157
4805
682
3080
-1890
-1299
4272
-1551
-1287
2428
-2822
-1555
-3236
2136
-4472
-4822
2633
-1536
1272
4812
-1369
-1994
-3956
-823
-4630
-1109
823
-4574
688
-3912
-3036
3437
2074
-248
-3838
-4883
725
1059
-4560
-13
-844
-379
-4287
2078
-1396
1086
2540
-4275
4028
4818
4004
-347
4870
-4224
798
-3105
606
496
-1020
3449
2303
-1626
-1211
-708
-4412
3555
-2266
-275
-4166
-4486
-183
-2691
-257
-4240
3801
1771
566
1612
-1761
-2182
-1925
-3793
-1468
-4963
173
1421
-940
-4834
1453
-855
-4053
2398
978
4383
4799
4854
-4234
-1542
-359
4652
3296
4470
-2415
-4638
-3858
3823
-4251
3033
3343
-2375
-2475
-2813
-661
-1159
-945
-459
2480
4208
66
-1845
4362
616
3777
-3707
-3971
4535
-2282
-2497
1698
1457
1920
2319
-4052
-3478
-2614
-937
-458
-2888
809
-2773
-1253
-2345
3122
-484
-4927
-2090
1446
3171
-254
-3186
124
-4039
-4983
-3629
-759
-1277
-4282
4787
-3874
-2997
1358
4780
-3459
-1815
-1630
-2806
-3623
-112
-3543
-1122
3178
2725
-2835
4650
618
4299
-3089
3432
-4161
346
-3208
-4357
-3979
-3506
3374
3389
-1225
-3525
1487
-2681
3386
4253
3324
2319
-889
1934
-1723
-2053
-3838
369
-2899
3365
1995
940
-2374
4775
2209
-4174
-1717
2725
-690
1214
-4314
2905
-1805
1692
1693
-1910
0
-3999
1132
-1562
-1920
795
-2846
190
3471
3426
2234
-3087
1289
3854
-459
-2880
593
-382
-4059
-2831
4746
3831
-3352
-2912
-442
-3245
543
-1233
760
744
-3430
-2083
1384
2777
4611
-4475
-1421
631
307
-2419
-4613
-166
4933
1423
1746
3930
-1355
3605
335
1966
-3725
-931
4475
-629
-4774
-3956
-4949
4222
-2376
1599
-710
-3290
4906
1596
4833
104
3238
-2329
4534
-1659
4532
-31
-2753
1065
4681
506
-4815
4522
4465
3607
-3591
449
1736
-1
1606
-443
3078
-545
-2078
834
-2043
877
-773
-3511
3744
-246
-3566
673
-231
-2879
4398
-1429
-1065
-2788
-1682
-1869
-4021
117
3274
-2926
-1763
-1174
-972
769
-1608
1450
4417
1032
3854
-116
-2082
1332
-23
-4386
2992
4198
-4880
2331
2812
-1608
2818
-4778
3376
-1845
-318
3075
-324
-67
2894
-1659
2240
-4426
4990
3154
4948
-3007
1014
2802
-2482
-281
2904
3654
-3597
-554
-23
1782
-3347
1537
-4402
-2573
1189
4994
2963
251
-2466
-2133
3671
3274
-2738
-663
2360
3197
3081
-2279
2006
-3821
-3029
3205
-3161
-3620
-2926
-793
215
4179
-2234
-546
-1895
1496
-4586
-4786
4462
2214
465
418
4144
4211
109
1261
4380
3062
3383
-2450
-101
546
-3225
3121
-4341
3569
1071
2673
-3538
-3012
-3455
-3668
4543
198
-70
-2000
-3236
-4087
-4033
4065
1188
824
1394
4332
-1361
3267
4785
2325
-1148
3465
-5
-2099
811
-4456
112
2080
-368
3200
676
826
3696
2341
1135
937
2436
2643
2276
-3874
-1913
-2004
1180
-3123
-1259
-1107
-1250
-332
4482
926
4126
105
-2205
2472
-641
4284
-675
-3230
2054
3323
3273
-892
4797
-2493
-2031
-4724
2768
-940
-1558
-754
903
-2194
2989
4406
-111
-88
-3725
-1399
-1895
-3649
-1635
-4327
-4328
2251
-3170
-1608
-4217
-179
3077
388
-354
2309
-2310
-1519
-194
-2367
3924
500
-3400
-4177
2917
2235
360
-3085
-1644
2794
-2735
-2172
1188
3200
-2826
-2016
37
3112
-3982
4608
-1865
-4421
2725
311
-1609
2387
1884
-716
216
-3525
-3188
4774
-4673
3122
1578
-4593
-742
-3522
-4582
-4703
2157
-964
3810
-1099
-245
150
1913
-453
3118
-2722
-2030
-4868
-3100
-1305
1119
-4933
-1946
-4557
-2412
-3830
2021
4070
-22
4904
1699
-3815
-3812
-2920
492
3547
257
-851
-2353
-3646
4102
3649
3468
-721
-2009
-1819
2828
2687
-678
3843
-4664
-802
-4247
-3809
-921
-1673
1242
-2212
1399
-1786
-500
-1398
87
3758
128
61
-114
694
402
-2438
-1812
-1170
530
4906
1132
3071
-1100
-4207
3778
-1744
-2448
-3704
-4729
4150
-2666
1718
2013
-4525
-1630
-1731
2897
-273
119
-4815
-3155
1140
236
-12
-4617
-605
2064
-3444
1161
3172
-2405
-2202
429
1162
-558
-4301
-3435
3973
4118
3904
2773
-4639
2746
-3884
-706
-1844
-4897
4371
3063
1477
-3009
4352
-2615
-1264
4098
-3089
872
-1194
3423
679
-3847
-535
-1389
-1546
-3931
-331
-617
-673
-2055
-815
-1551
-2225
4054
-2795
4506
3854
-2965
-1498
1063
-3056
157
4445
3446
3531
3937
3173
4391
-3341
-2346
-269
-2348
4816
4930
160
3807
-1151
-4361
1074
839
1290
-1007
4713
1542
2233
2590
-3339
3945
311
3979
3380
893
1881
3304
-4999
-2942
-1978
3271
-3448
-4625
-733
-90
-3794
2595
-3862
2981
-1938
-2829
-438
-2554
-1050
-1596
-4281
4962
-4368
3703
4434
2930
1076
-3700
1171
3056
-4405
-892
-782
1018
766
2999
-330
2319
-2467
2814
3477
-4118
-645
3135
-3734
2857
-281
4691
2308
-3927
3237
1269
-102
2303
4235
-3495
141
-2523
2632
-1418
-2602
-3665
-2242
-863
-865
937
-2064
-3352
-722
1055
-1337
-4760
1003
-568
1695
1852
50
1776
3470
-2174
3108
2737
-1404
2651
-24
1853
-2691
-177
4655
-4501
4292
3947
4101
-933
-2046
-4455
-1437
-3785
1652
4441
130
-3911
3786
-543
-422
2835
2764
-1154
-968
1967
-2761
-2698
4270
-1341
-4107
-2548
4228
1888
2651
2143
-4692
-2184
3275
1552
-1373
-183
-4630
-4018
3188
-390
-4996
191
-2730
3169
-69
2925
1302
4287
-3033
4442
-3073
-2007
-2537
4018
1605
-1228
1485
1004
-4558
171
4488
-4996
1000
2768
-3981
2904
-3804
-3955
4075
-3675
4388
-2250
-2434
-2931
-4129
-2179
910
4847
-1182
-1328
4628
932
2620
-4141
-2238
-535
-3185
-2394
1393
2382
-2666
-2364
4489
-4695
-346
-2953
783
-2648
-1587
4826
4056
-814
-1129
2141
-1092
4120
2784
-3361
2822
-323
1268
4795
664
31
1537
1937
3211
305
2398
1759
4083
-1306
85
-3540
-1967
-4596
-4581
386
-1213
419
3777
-26
406
3720
675
-3148
3404
-2509
-3763
-3269
-488
1081
-4514
3987
-2587
-4273
4404
838
-106
-3652
-2857
-3582
985
1353
-2926
-1030
2421
-3529
2843
-4765
-2285
1277
2148
2530
-3879
3405
-758
-2608
4608
-4750
2235
-537
4263
1033
501
1659
-4912
952
-4551
408
57
4335
3198
-2477
-747
1434
-4543
3632
1289
592
-3670
304
-1661
363
2842
245
-605
-300
-815
4500
-1778
-3894
-2531
2340
-2073
-513
3628
4697
1790
4239
-1198
248
-3003
3358
4790
1639
-3267
669
3223
-4605
16
-1175
1980
-1044
-2153
2480
-3192
1489
4539
-96
3292
900
4504
4414
-3897
1561
-4818
4464
-7
-912
2081
-2504
4357
3725
1105
669
3812
640
3764
-3065
-3434
550
-1714
-4697
4708
2539
2771
-1839
-2159
2618
-733
2919
-3729
2964
1284
-3741
3069
-952
1678
144
-1890
2452
2431
-3530
997
-2039
-4370
-2752
-1060
-4252
-2819
908
-3548
-418
-3656
942
-2249
-4254
-1253
-3007
-3063
2486
-3569
827
4573
872
-1004
-3460
292
-1610
4731
-173
3360
3290
1562
-4963
1863
2848
771
-2597
2562
2854
3870
-3730
-43
2527
4754
4002
-1607
547
-3085
4612
-539
4983
4837
3922
-1284
-4556
3614
653
-4097
-2969
-3206
2317
1299
-2300
4840
-526
-179
-4648
-1438
-4574
-1590
1786
4746
-2557
-1781
684
-2145
-3257
-4866
-3244
-2721
-1985
-216
-4911
-794
734
-1970
-1123
789
3531
-1854
1006
4350
-4814
-3030
4712
-4421
3848
-1379
4579
2303
-3720
-2873
388
2756
-2785
1756
3546
-3741
2576
-807
2920
-4941
3589
-3834
250
872
4900
4263
3093
-3187
4217
-2318
3232
-2420
-1499
-4997
25
2969
1747
-3990
-2443
2335
-3005
-2050
4424
-446
-4459
1564
189
212
4595
-529
-4269
355
1707
-4189
660
3151
936
3149
4834
1865
-308
930
-3904
-3481
-2676
1112
-2581
3269
-3704
-1111
-4092
4453
3845
2787
-4054
2535
137
285
-3176
-4365
-4333
3477
4233
-4605
4980
2868
4883
1086
2126
-718
-1769
895
-2249
-762
3140
4340
2090
-1962
4930
-1310
2170
-4035
-1374
-2490
1188
-758
1951
-4041
1760
-1771
-1184
2935
-2797
2652
3486
-2329
-4347
-692
-4675
346
-4438
-3733
472
434
78
-4686
-4963
-2057
-1550
1129
450
-2458
1182
554
2931
4470
4322
-4905
682
-4731
-3187
-1369
2505
241
4777
-3493
-2378
-29
-1327
-3009
2676
4262
239
-3476
4138
4934
-4682
-1813
3602
4851
-2167
1876
-2240
-524
-2841
-1820
-1348
-4648
-2476
-1923
3631
-41
-891
4935
4198
-4232
-3817
4660
1414
-4772
-820
-1982
2924
3543
3123
953
735
1615
2339
2852
-603
-4468
-4300
4876
-977
-3536
873
-4736
-1215
4704
-1058
-1951
-1166
-4960
1787
4618
-2788
1085
3650
1341
-4303
-4444
4859
3559
-1254
-2224
-2552
966
-3555
-1391
-4745
4673
-4517
3911
-2315
-2795
-398
4285
3193
3425
2646
-3757
-4876
2583
-137
4836
4739
-381
3247
1495
4718
-3017
-2214
-4704
3649
981
-1950
550
-1948
-4218
2583
-2032
2296
3063
999
2360
-2911
-3373
2175
-1887
-4293
-3237
4382
2965
4298
483
-4830
-3801
-1582
-3978
3698
4744
-2609
3097
-3305
821
-4750
-1507
1496
4605
1641
334
3809
2783
-742
-88
-4402
2994
-4212
-358
3033
239
3089
2051
-2402
-2743
1044
472
-4984
4045
-2133
-2361
-4694
4132
-4279
4230
1324
-4587
-2701
-11
-1073
-473
-2260
1138
-2593
2005
320
-1749
2772
874
953
3645
2277
-3509
-3406
3659
1818
-3644
4309
-4885
1451
-38
-3341
-3989
3035
-2048
3312
-1263
875
-1915
-2089
-4481
1132
-389
-3534
-3579
-635
179
-2898
-2591
-1507
675
2494
-1887
-1099
-3319
-593
-4951
-475
-3015
467
-2800
4001
4082
2941
4437
-1896
-81
-2745
1119
-807
3818
-749
2898
-3133
603
-4099
3277
-2937
430
-3975
-640
4284
1618
-1810
-4566
-4689
-4499
-642
2289
-4012
-3843
3233
-3237
2989
-919
1741
1129
2438
-1482
-3660
452
-1509
-3082
298
1295
4391
2027
1970
956
4986
474
1204
3322
-1691
-2246
-1524
1452
-2459
-3493
3490
485
-342
339
2402
3280
1395
-3501
-2504
3564
3672
4633
4282
4980
4292
-3377
-303
-388
3677
-656
-3164
-3401
4465
4699
115
-4682
-50
976
-2
1323
2205
-4265
-832
-453
4412
3488
-1493
2274
-4008
4373
-687
3025
-2476
-3669
2636
914
-2936
-2297
3211
492
3944
4382
-2903
-1134
911
-4491
3979
-4139
3337
-489
3270
2250
90
165
-2949
3670
-3042
-4793
753
-330
-3810
-1055
-19
220
-3876
-4543
-2209
3747
2363
4132
-2388
867
-1651
200
628
-3168
1434
2620
-976
1661
2619
-1932
58
-4818
1888
1225
-4120
-3365
-1212
-339
3702
1504
-2293
3100
-4049
1089
68
2446
-3176
3899
-575
-4823
-1639
-3610
1296
-1309
-1496
438
-4522
-2844
-236
3825
-3945
-998
268
4331
2468
567
4794
3533
4241
-3627
2655
-380
1922
-4646
-4341
3813
-2495
2822
137
-1602
-4433
777
-875
2392
-4523
1794
1115
-4871
-1579
-1966
-3186
4405
-3566
670
-3199
-1643
-2856
-189
2869
64
3930
-2684
-2224
1781
4774
2736
3286
-469
-3321
-4433
135
-4049
3623
-4294
4149
-2211
-1985
3562
-3361
2762
220
3400
3055
526
-4144
2084
-4675
-4273
3922
4449
-290
-792
-2894
3054
-3091
4120
414
-1184
4499
615
-3414
1402
-4954
-4524
-3985
1375
-3892
-1783
-2717
3134
3722
4832
3232
-1301
4349
4959
1300
-2417
-4348
1742
-1451
-986
3384
4522
-1554
710
-151
706
1547
223
2231
2782
-2563
-690
-3238
-2113
1034
-1941
-2242
-4111
-4956
4915
-2674
-1699
4132
-1024
-1397
2396
-2733
-3949
-1014
4326
2837
4516
-3416
-2712
-814
-2656
4138
980
1026
-2766
3493
2739
4645
1068
310
2293
220
2068
-3632
312
2103
1548
-4736
-1657
4332
-4903
-4274
2298
-1615
21
4882
-3109
-554
-2720
257
3817
-2734
-3087
3939
-1211
3784
4859
2577
-4662
-1851
-437
1936
41
-2855
-4787
2757
-1438
-720
1262
-332
-2784
588
-4964
4185
-3509
4497
2969
-382
2673
-1956
2623
871
238
65
4525
-1193
1159
-129
-3873
-2816
-217
-1214
1469
-2261
3985
1750
2874
-2287
68
4594
-4692
1838
2060
-2120
-3509
-735
-2187
184
3922
-3971
-4677
1708
3571
4079
-2547
-4925
631
3659
3135
4333
-3325
4454
4399
-2704
-1834
4698
4783
2437
1535
314
-943
-2462
2603
1218
465
-3867
-1093
-183
-20
1481
-4459
2054
-4562
4568
-3551
-1380
-887
590
3332
-4204
609
3589
-1991
-891
-3067
-2206
1163
1315
4184
204
447
3617
3405
-4908
-2962
-1436
4129
-2683
-4799
-587
-4334
-4038
1397
-3838
-3954
-2058
-1458
4739
-1194
-268
-1017
-1212
-3503
2299
3847
-1197
4237
-1778
-3441
-1256
-1008
-3250
1824
4028
-3444
-580
4826
3239
305
-4418
-1712
-1302
1357
1901
4023
4310
-2193
4057
1804
1767
-3495
-3734
-155
-4000
-4269
388
-3937
1444
-4277
-4619
4967
-4674
2955
4751
3397
-3730
3139
2589
-77
-3407
3093
1283
4491
-1381
-3248
1750
3918
1892
2100
4613
-1343
-468
2580
3875
-2671
-2676
-4518
2306
-2633
2555
4308
-338
3175
-2167
-2548
-4365
322
-676
-2347
395
-3220
-4188
-2895
-2776
2824
1901
816
2810
-1489
-1007
-638
3294
-2529
-249
-2562
3444
528
-1620
-4853
-4357
-1950
-2676
315
2459
1266
701
-4360
-3186
4987
1497
-442
-1380
-2471
-1674
-1720
561
-2631
-1645
2639
-3203
1949
-2895
2605
-407
140
3003
-2360
2049
341
-1660
1434
2786
-3245
-20
37
-2000
668
4814
4451
-3452
-4780
1993
-4917
-2558
2847
4921
-3872
-4845
1076
2897
-4013
1075
-2323
-1800
4297
4568
-1606
4877
4136
893
4293
1976
-3014
-2533
-896
2318
-3564
4915
3882
-4096
865
3546
2161
3505
-2681
1121
4546
4354
1227
-1360
-996
-836
3248
3503
898
-263
-630
1697
-1441
400
-4783
-2339
-3997
2219
-4127
-3878
1964
-4906
-2786
-378
-3920
1687
1701
3379
-1450
-2476
1966
4767
4549
-619
-1122
-994
-4316
-2281
-3160
-2122
2881
-1494
-3821
-345
-3059
-3304
-3961
4165
-3580
595
721
4131
-3478
1273
-4170
-3234
-2431
-3146
-684
2339
-4520
-4729
-1212
-2562
189
2390
-2116
-4928
4642
2567
1665
-3365
4333
2158
3465
-2642
10
-2422
3694
3816
4044
-3726
495
2410
-1920
-4213
4609
1342
2594
4915
-942
-4594
-3831
-3123
4126
-494
1293
-2951
890
-3654
4857
-449
-2162
3332
491
-4072
-3664
2010
-3975
-2694
4507
3579
686
-2402
4383
2404
-4671
-1089
3378
699
-4650
-3056
-77
-2936
2670
-294
1823
-2703
2650
1442
925
4208
205
-2476
1764
-2206
-1889
-2002
-932
1039
1581
-1014
401
4802
-1074
-4135
1732
2372
2833
-1959
4781
-3655
-3070
2723
-3029
4470
4059
-3181
-1141
1980
-1609
-4667
-633
2342
1250
1528
1013
3756
-2180
-4558
1392
3522
428
1200
-3451
-1472
-3135
-3000
4580
1262
-3356
2141
3366
-1541
-4167
1486
2349
-3830
