4282
4765
-4887
864
-63
3157
-4399
4310
3150
-4070
2323
-2275
4270
3704
129
4013
389
-2301
4100
4842
-78
4828
-1543
4707
-1584
1903
4424
360
-4872
4396
-1323
-3227
3428
4784
287
2527
-4353
1776
-2442
4553
1128
498
-4117
-3581
-619
2135
-1089
4944
51
-4503
-2675
3107
-452
2061
-4669
3574
4354
4884
1003
-3786
2279
-1372
-2391
3486
-4897
-3186
-3715
4910
-4787
300
-88
-4249
-470
-1479
4619
-442
1685
-4132
1178
-3509
340
2275
3376
-698
-1640
1848
-20
-3075
-1617
-1870
-3590
-677
-4222
-581
3692
-3416
-2833
1257
4374
2577
3121
-308
2202
4820
4779
-2221
-4040
-3701
3092
4203
3927
-1054
2571
1652
-1231
-3594
3628
3170
792
2252
-1365
-4547
-170
-292
-2147
-2827
-3229
24
1367
695
-3984
-1844
2302
4628
3248
-1724
3773
3924
-3386
1140
2660
2278
4456
-3512
77
706
-4797
1033
-1717
-1538
-3591
-3671
-805
1129
-4218
4299
460
-697
-3311
-3822
-453
-1894
3037
-492
4775
2489
2238
-4838
2804
992
-3640
-1737
-3957
67
-1293
-4014
-594
-1968
-1204
1234
1640
384
-699
3974
3555
-2054
1037
4142
-924
1989
4538
-951
3537
-777
2194
-1972
3442
718
-3416
-1061
1829
-3846
-892
-2889
-1989
-1354
-68
-2684
-4831
497
-3762
-2826
-4855
3277
4048
-4248
-4842
-541
4062
2936
1303
3777
-2270
866
-4998
-2686
-2430
4631
2642
-3048
-2013
154
1459
1224
-180
1048
1786
-654
-4379
-15
-2342
4155
3486
4167
4017
3833
1356
1954
2649
-4550
-1202
-4211
2378
2977
718
-4927
-4788
-609
3714
523
811
3738
-3918
-2867
-93
3932
-3179
-4626
-1125
4779
2884
4110
-4258
-4272
-2144
3995
-3500
2678
319
-1783
3151
-3823
-3775
2833
1025
-4055
1297
809
-2405
4721
3911
-1652
1904
-3848
-4166
149
3593
4204
1042
-1587
-2655
1798
2204
-2305
1712
1909
-4777
3044
902
1530
-4420
-4463
4589
-162
4042
2361
-1440
-2596
3631
2847
-3446
4894
-1757
4476
-1081
359
1565
1865
3112
-1686
-2311
-3446
738
2678
2226
-4569
-2235
-897
2521
-3848
2122
1385
-905
-2547
3590
-2125
-4097
455
1052
4366
-2324
-4153
3550
4297
-3206
-1024
4291
-4118
3921
1243
-4428
-1957
-4900
-3177
-943
-2705
-600
-2421
-159
2992
3576
-3798
-4154
-2906
-1435
-2958
1359
1733
-1246
-1615
-3513
1140
3437
1236
3210
3093
-3710
3069
-3832
-1994
1450
896
4178
-2285
368
1658
-4318
2710
3252
-1521
-3129
2077
3769
-4097
-4947
2981
3289
-1629
3243
-776
3384
-2566
-2170
-1119
-4603
3003
-717
3320
-3539
614
-2214
-706
3482
-1957
-410
1766
4041
4854
-679
3742
3545
550
-4628
-855
2623
1673
547
-4213
-3433
-3178
-4417
-1312
-1515
-3098
-2562
-3767
3545
703
-195
1124
-2032
1679
3661
4887
-601
-2047
-2413
-2632
1707
-1233
-951
-3764
2380
-2891
-3133
-1270
3456
4173
28
1355
2003
4813
-1169
-4399
-1956
-3159
1825
865
2683
2198
-1541
-578
991
-1748
-4635
4212
948
54
-4066
1229
-2887
-4598
-1144
4275
1840
-1217
-287
4131
2718
-3520
-3156
-4054
-1886
44
-2995
-4913
-2462
311
-316
2092
2113
897
1505
219
-1922
273
3046
-823
3781
2878
-822
4281
-280
-2071
-1895
-40
-39
-2070
-1783
2312
-1842
4309
-1897
347
-457
4553
-3744
-2306
875
373
2956
-1009
3470
1927
4548
3005
4016
3810
2068
4187
1919
-3732
3596
4064
3660
4210
-3904
-3810
-197
2872
2639
252
4100
-4224
-367
-1390
1174
-2779
2458
-4207
3307
3894
-2501
-3235
3527
-3686
3928
4457
90
1316
-1901
-4531
2501
-3932
4791
-1355
2889
-3849
1473
-4215
-3285
-1619
-1751
2693
3
4021
-1329
-1228
-1148
-3833
3327
1358
-3018
2797
4119
4139
-2961
-2257
-4752
-3902
3344
4970
1911
-3309
-309
1484
-3872
-3522
2467
254
2208
3486
-3188
-4834
-4743
-4075
-3039
312
4211
772
-3356
-3535
517
2471
4223
4832
-3518
-4644
778
3818
176
4206
-586
-600
4389
4834
-1130
2214
-3702
4141
1309
-2358
4081
-4768
-4334
-3585
1459
-671
-4160
-1746
1442
-4457
4234
-4136
-1075
402
-1956
-2686
1154
4148
-3204
2462
4029
4848
-449
3842
4895
-4946
3752
967
3130
-3625
-4340
2447
-3096
-1437
-159
-1244
-596
1197
2293
-4359
3840
2240
986
2192
-3059
4465
-2321
-2440
873
-4168
4170
4719
683
1291
-3503
-3620
4442
-551
24
-606
4771
2113
-3132
-2078
-4278
1116
-418
3104
-1977
-4995
-3757
-3393
2993
-2540
4729
-2068
1193
-3495
1228
-1820
-867
4203
-1913
-1773
973
1013
4670
4922
-2374
-583
3783
3996
-1126
-4371
-3895
-1803
-1191
1183
828
-1016
681
-2859
-1760
3171
-2022
3541
1546
4609
-1548
2350
-2903
-3636
-239
210
119
-2228
-3336
-1280
971
-4335
-1580
-4574
-1733
-1847
99
48
2574
-3170
-4886
1902
1903
-4913
3094
-1143
-786
4377
2333
2506
-1343
4338
-4173
-2652
-4760
-1166
-3144
-4704
3262
3135
2495
-78
-101
179
3914
-3145
-26
-2356
-1679
-2274
4072
1936
4977
-3552
-468
-3046
-4095
-2211
1010
4837
-3873
-924
67
1188
-4599
-1121
1678
1740
-2024
1241
4385
-2465
-4569
-4083
228
3638
1921
4668
4015
666
1512
282
91
2575
-654
-4794
-1290
-995
-3810
4644
4656
-2788
2917
3929
4355
651
-261
-2461
1055
1757
-2332
898
-2205
-1231
3059
2038
-4008
589
1806
4150
615
-1497
4861
-4486
-2597
1855
-3262
2886
-927
-2533
786
2164
3996
-1312
1665
-4099
-2875
-4725
1020
4355
-2945
2938
-3984
14
-952
-2567
-3512
4737
796
1180
-1517
-472
-92
-2010
788
4897
-4645
4804
2467
-492
657
4825
-2143
-1696
-1047
-1433
984
3603
-3587
-3481
1985
-2379
1681
-1579
3072
-2750
-4715
1355
4969
-2798
-1676
-4248
4118
1495
2473
-2660
-3728
674
-943
3907
-854
2258
619
2459
1918
-2773
-1380
-972
-2609
-3057
2880
196
2269
-2485
-3957
-4813
1815
1633
4861
-54
555
-1587
4275
-2957
-2551
134
4634
3756
-2698
-1997
-3009
4942
-2308
295
1234
4805
2638
2634
-1431
-2053
-600
-4778
-3519
3413
3845
-4117
-4465
4617
4427
1855
804
2874
-3630
-4682
-3602
4547
-2702
-4663
-740
3596
-1127
1398
-902
363
-4053
-540
-198
-4646
740
-159
-2012
-2528
2121
-2981
1572
-2065
909
967
-4415
3258
-2097
177
4510
-399
1136
-1552
-4998
-2582
-3597
-2779
4274
-3106
350
-3888
-714
-3379
524
-2753
1464
526
-1500
3845
-3552
1127
-1371
306
-2323
-362
-3832
132
-1033
-1414
2039
2890
2320
-1359
156
-3935
-2088
-2482
2962
3901
192
-2730
-1048
2869
-522
3752
852
3212
3231
1735
180
1544
-4909
325
-4641
-1184
-495
2365
-182
-698
4739
-2323
-4057
-1089
2333
3231
2536
-1909
4159
2082
4513
342
4426
-3799
-324
4954
1487
-400
-4507
-498
-4605
-2793
-251
-2754
3791
3869
4285
1464
-2781
-2807
2088
-3263
522
871
2323
-1421
3161
1182
4745
468
-4382
-3478
2102
2675
2981
3483
509
-1471
-3915
-4518
4325
-4919
1320
-830
1262
-371
-904
-4894
177
-209
-2280
-3090
4006
2713
3568
1053
-3345
-1174
-1543
-2509
-1214
-1650
-2492
4027
4084
-2888
3252
2192
-1328
-3746
4364
4728
2038
3713
2979
-962
-783
4680
-3612
-1574
-63
216
-4638
4959
3495
-1182
-3767
-2078
4127
-4279
3376
-494
215
-3922
-1382
-1881
-1554
3642
2459
651
2152
1431
-1944
-1104
-610
1996
4743
653
2514
2803
-3674
3400
1600
-968
-905
4193
640
-2128
3769
-3879
3351
-141
-3310
-2706
-163
2344
-3272
-4460
-2518
-404
-3633
-159
378
-1857
2268
629
-1520
1147
-728
-221
-3354
3793
1057
977
946
3842
-2854
88
-780
-1129
4755
3768
-4981
-51
4019
-2356
-3688
368
3761
-491
-3621
-3757
4451
4165
-3335
1929
701
3243
3887
-1148
-917
-2938
-4304
-2264
2010
4615
4010
-3078
4608
3768
935
-278
1148
3890
1920
4778
-4104
-2144
-2277
4090
1675
-1282
-4891
-158
1707
4957
-2086
3755
-4833
486
-271
-2438
4547
2632
-1883
-3526
-4444
1712
4622
-1323
4924
-2396
-3969
-1217
4488
4508
2136
-4865
-1420
2093
-4053
3146
648
1987
-2117
2893
683
3691
-3919
3559
294
442
3513
1090
-2300
-2979
4201
2892
1205
-1106
4065
4774
4146
-2896
4717
-408
4554
2568
-168
462
1595
4952
4571
2788
4493
1608
-445
-23
3544
-301
3249
4403
-1115
2316
378
-577
3426
-1813
-97
770
-1393
-4969
4951
-2974
-778
785
2296
2522
-2168
2747
292
-2642
3553
-4300
432
2715
-4339
4114
-1360
10
-2683
4074
366
2545
2466
-1826
4138
-1819
-30
-1516
-3861
-3087
4263
814
-76
-2868
2701
1739
1425
2457
-4412
3882
-287
-2736
-1781
-265
-2115
-1035
46
547
2694
-4078
934
2532
-3251
1766
719
2166
-3060
-3575
2359
-356
-2990
4795
-2831
-2184
3628
-3256
-2311
4482
-2849
2441
4595
-680
1953
1547
-4660
707
1159
-2588
2450
-3951
441
-2889
4383
-1884
-270
918
-2127
-713
2084
4383
3269
-1480
920
-3980
-1375
-2233
1395
3227
-3343
-1911
1908
-2178
3816
-4279
169
224
-2055
-132
386
-2242
-2738
2591
4365
-1635
-91
-784
2240
181
-261
-1083
-4538
1417
3280
1772
624
1410
3690
3200
-3395
2680
4950
965
-4956
3788
3609
-3151
-1074
3621
-2764
1623
-3344
4405
3318
-2623
-890
4263
4251
-695
-4868
2439
-1229
2244
4614
-3251
-4259
1324
-3137
-2936
-2126
2776
174
292
-898
-934
-508
567
-3448
-1611
2130
-1507
-3341
-1128
2520
2414
-1314
-1140
-2360
-1703
-714
-826
-4327
-2992
-3061
4713
2887
2047
-1681
-293
4824
-4279
-4789
-1086
1546
3618
-4740
-469
4023
1075
3370
-4009
1450
2605
-87
-2605
-1204
1293
-2247
-510
1447
2056
2888
2761
3356
3891
4744
470
2975
3250
-3541
1582
-4992
1211
-2759
3762
3573
-2346
3348
477
-4638
3651
483
829
-2149
3784
-4565
-3621
4128
4806
-2708
-392
-3369
759
-1801
-873
-696
-3258
2765
4417
-799
3322
-3773
2440
-4966
3472
-1214
-4420
1603
949
-405
-3932
-4247
-3827
-1817
-1878
-4633
947
236
3397
2617
-563
4827
4419
4972
-2774
-4314
-205
1106
1883
-4432
973
2833
-3876
-2691
-1105
-3205
574
4488
4532
4696
930
-2637
-1181
4159
-1917
-3207
-4814
836
673
3856
-1644
-3925
-186
-3078
-3306
-3717
3958
-1670
-4126
1245
3208
3683
446
612
4731
-4740
1684
86
-2473
1472
3231
3752
-3502
3779
2591
4681
-789
-2082
-1191
2085
3862
3563
830
3417
3732
-1044
-2843
342
1759
-4986
-3912
1902
2319
-3941
4696
3724
-884
4037
-4322
-3952
-2496
1694
3167
-2824
4424
1820
2683
362
151
-4438
-3389
-2387
-3945
1426
-3516
88
3197
-1785
-2236
4706
-2457
-2146
1752
-4888
-2747
-2116
3231
-130
-4430
490
-1057
3437
2685
3110
4138
-1014
3960
-2604
2284
-1066
3084
-4015
-1324
274
3367
4392
541
4747
-4941
477
-2744
1971
-620
-2138
-3689
240
-2738
762
-3160
4014
4545
-2751
2460
-3409
-3438
1612
4835
-3773
663
-3650
-458
-765
-3138
4599
-2239
-3226
-614
-3631
203
-1433
4972
-3725
3251
2094
-918
2659
1001
4106
2654
2728
-2122
4928
-2466
-4194
-152
4349
1283
-1053
4798
-1177
312
2798
2749
3202
-1119
-3681
589
-1393
2149
4129
595
975
3642
-2180
-677
-427
140
-3832
3185
1129
697
620
3628
-520
-3172
-2013
-4151
1593
1988
3168
3759
-3029
-4432
2120
-3724
2330
-3239
-818
3260
-2960
-3332
-3843
-328
1656
3698
-1570
-2205
-2419
-4082
3065
2580
2481
1043
-4072
-2736
138
2688
-3306
-592
-953
-2056
1543
587
2737
962
4081
2736
3212
4922
-2232
450
-3427
3890
-4680
159
3461
-2088
731
-849
-3989
-2219
4394
2982
4311
4512
-1456
-4602
-1797
1373
3258
-3532
-2532
3381
1403
1508
2846
-190
-2788
4132
4847
-4569
17
4131
-935
-3845
3542
4236
-2885
-4672
-1688
-2701
-15
-3820
4160
2826
-2193
-365
1162
-3936
-3267
2471
2180
-1833
4668
4301
2514
-432
4727
2037
-1266
-891
437
-3290
4668
-4733
-150
843
2188
3362
-1411
2398
-3847
-3965
-2043
4384
-3730
-1707
-2612
674
-4792
-349
1909
2627
3431
4286
3290
3110
-3442
1730
222
-1490
-1687
2023
4722
842
-4258
-3209
-3725
-2185
2557
3559
-784
1078
849
-1469
137
-3892
-3896
-3557
-2093
-2017
4735
4724
440
-1564
375
2924
3179
2866
-1980
1678
-2967
-4526
-621
1758
2043
-314
347
4961
-3400
-1309
3037
1356
4823
3820
-4026
728
-781
380
547
-177
-3545
-1088
-3565
3270
-3656
3983
-2168
-3514
-1726
-1594
1367
-3384
-422
1716
-4912
-4931
1811
-1217
-937
3895
2957
866
-3632
3320
1255
-4604
4522
-1179
1557
2885
882
166
-1411
2935
-4280
1661
1899
1191
-466
-3520
4324
2630
3277
708
3127
-4983
-1806
1432
127
-4535
470
3068
-3450
3240
2619
-115
-4732
-4607
146
3230
-427
-742
-4087
979
104
-2807
2577
4685
-157
-1536
-1570
-1731
3012
2358
4680
1575
-1709
-2316
-769
-283
-3901
-3479
-3509
4212
4215
-3190
4161
2767
4513
-695
4529
311
3797
-2560
3484
-4548
3229
-902
-2860
-1878
-3898
-3393
843
1122
3255
-2534
-1075
-4684
-399
3129
-1414
134
-158
-2639
1883
-2332
868
-2085
-4586
4932
1138
2046
-2803
676
4379
-4246
-2368
2434
1887
2990
2323
616
2822
-4137
-38
787
672
-2170
-368
-1890
-953
3421
-3929
2352
-2240
-2779
-54
-1058
481
687
-945
1294
-116
-747
-2184
537
-4246
4508
-3160
-4148
1507
4681
-1118
-2260
1929
-707
3997
195
-1996
-2802
-1691
2827
3688
579
2379
4422
-2254
4795
620
-2440
-4222
4171
3471
4817
2499
3715
2823
2491
-1931
-4917
-4776
-1460
2492
-1713
247
-872
-2767
1732
4618
-9
3574
4870
-1857
3966
3639
1551
1801
3405
3548
-4570
-732
-4827
107
4050
1274
4163
3130
-1366
4414
-3379
-4574
-2742
-1531
583
3519
1892
-2940
4034
-3884
1568
53
-237
1643
-4879
1075
-628
618
-4826
-1275
3977
-1887
2410
680
4072
-4800
4457
2452
2262
2614
3327
336
1858
3700
2958
-14
2769
383
3611
-4849
1837
-1180
806
-1536
2874
807
4565
-3547
-4057
372
-20
2436
-323
-378
1562
-3542
-4088
2997
-1965
-4814
-1794
2922
-4250
-1245
-4096
-2241
122
-61
77
4801
-3510
4154
-4563
-1737
-3943
-3055
4705
-4771
-3692
-1367
917
-679
4115
4056
-1506
4862
-4516
1151
2710
-2050
-2028
-585
-2639
-3141
162
-4327
-949
-1738
-654
1788
-2288
393
-3373
-567
-3913
4752
1470
-2053
-100
273
-3485
499
-3544
-3028
578
-4553
-4320
2462
4610
-4454
775
3264
-895
-1113
2081
620
3513
2023
1973
-4721
651
-3710
3261
4154
11
-2510
2861
2979
-3640
-2189
1262
-4568
-3050
4166
1574
4307
906
-3531
-3690
-1127
1681
465
3136
-3203
1933
-2970
1474
-3806
-2226
-335
-1629
1357
3961
-1576
-4823
-296
-121
-4393
1685
-4189
3708
1787
-580
-2810
-1023
4087
-1822
-3823
-3919
-268
-2219
-2012
1166
4070
547
-1798
3005
3881
2841
3792
1940
698
-4774
2356
-2178
-4574
-2488
489
-743
-1491
66
2118
-2995
2921
-2215
1070
4488
-1030
2817
-3158
1290
1962
-1471
1618
-3461
2510
-58
188
4564
-4925
1082
4251
1873
2983
-3043
-2264
-864
1397
-2931
2046
2966
-2504
3960
-2257
1743
-688
2875
1604
-3601
2579
4181
-1294
1546
-934
-4387
4424
-51
4764
636
1957
-4025
3785
-1031
3222
3319
-212
-96
4013
2067
3012
4238
4237
1282
1180
2235
-302
-3113
4293
2628
-3794
-3926
-3003
-4509
-403
-3420
-2055
-2290
3482
-4856
-810
-4727
-3222
-55
-1763
4441
1686
4667
4829
2599
1447
-1094
867
4476
1722
4817
-484
-385
-2029
-1592
-3125
-856
1421
445
-1707
2640
1487
-4227
-1639
-4792
-4997
-2753
-4786
162
-4624
-418
-3227
-3937
1903
-767
1438
6
3770
-4599
-4426
3358
3320
4710
4029
-2776
3254
4566
4038
364
-3257
-4069
-633
2623
3164
4120
3184
1934
-4433
4040
1065
-3047
-2903
-1637
-4220
911
3332
-2723
642
4369
202
53
-2270
-3146
1516
-1369
3219
1611
-2177
-4986
4362
-3836
-4608
-4294
-2225
3268
-3896
4585
-2814
-475
-181
-4970
-2277
-2764
-4037
1059
-4833
-1140
-4247
-2445
4446
-3619
-4773
-367
-1958
2473
2729
-745
386
-4981
-1310
1772
-3796
3396
-181
1996
1681
-4989
1719
-1211
-2399
720
4307
1084
-1096
-3418
840
1098
-1527
251
-1165
4951
2486
4973
2289
2193
-3262
-1654
4900
-1319
-1475
-4100
-1629
1194
735
-2897
669
3495
-32
2080
734
-2273
4195
4356
-2214
4560
1731
1635
-3962
-4635
-4890
-2065
-2986
1293
2942
1765
1729
4666
-4978
462
-1328
-1150
4938
802
3462
-2186
-3049
-2838
2218
-307
353
-2256
4063
2588
-4197
1045
-316
932
1681
3007
2247
2600
-4518
2013
2581
2249
1418
1433
2637
4176
-3245
553
4818
-2921
2907
-4575
-2817
-1644
-1288
1912
1268
-2509
-104
3301
-2417
2079
-1170
-265
-1578
3629
-2730
4734
-1023
-762
-2838
1657
-379
1054
4077
509
2474
-4171
-4300
2126
-2722
3002
4853
3533
1490
-617
3751
-1842
2530
4861
3513
325
162
-275
-1170
2253
1668
4959
-42
-2219
1798
1683
1369
1255
-3847
82
-4900
1029
-1972
-369
293
-142
-1338
-3952
795
-4965
-4013
-3117
3895
-2784
-2554
-2401
-521
-4173
3948
-1384
273
4956
97
1998
149
3878
-804
3187
-1381
-1638
-2875
4775
2987
-3610
-2344
-4238
4107
-3687
-4031
4445
3699
-1859
-74
1373
-36
4626
452
2189
-3545
-4989
1314
-4681
-2373
3895
258
4926
-2538
4103
-4698
-3653
-732
-4025
2783
4483
-1651
2866
400
-207
1001
134
3345
1925
3775
9
-3457
-472
3163
1447
1393
-821
3037
4377
2422
1099
-2674
2628
-3526
-493
-1010
-325
4808
3727
-4071
-2575
1656
-1640
-1208
-1249
-4551
4512
-2269
2382
4938
-388
-4796
3090
-4109
4857
1399
1796
769
-164
3421
1466
-2434
3258
-1632
3412
-850
129
3585
1270
2005
-1311
4301
189
1639
-4533
-130
-2480
232
-3724
4078
-2699
4929
-747
1686
2796
-1756
435
4676
3852
3031
2374
-4533
-1400
-3524
2024
132
4702
-4367
-3012
4131
4892
243
-1864
-220
2319
-802
880
4900
-2455
-1025
544
-4980
2862
-598
3526
-3704
-1012
1415
2442
-3642
4404
-1881
635
-3238
-4023
3349
-2456
-3057
1204
1256
-3465
-3209
-2671
2677
-4811
2227
4138
449
-3189
-914
-4162
4371
3017
-1581
3038
2696
-2446
2880
660
401
1299
3506
4160
-713
4113
4031
-4896
-2098
-4034
931
4699
-2601
-1096
-1758
-4662
-4673
1214
-4307
-141
4837
4336
1423
2116
2409
-2878
2167
1737
1952
-612
-16
2570
2004
1713
-4213
3763
4568
4074
-1346
2529
3081
3855
566
1078
-4864
-4239
-4712
-4646
4133
-329
-1802
1758
1613
2962
3885
-3235
-1453
2639
1434
3874
-4811
-3703
-2851
-4000
-1979
3977
1701
-238
-3696
1019
1067
3920
1516
1822
3963
-918
-3014
-265
-243
-4828
-2981
-4478
3634
-4913
-3778
2439
4602
-865
-233
2437
674
3518
2172
2590
1978
652
697
-4882
-1211
3041
4435
1896
-1558
-2511
2265
1775
1383
-4741
455
-3969
-2331
-3026
1844
2838
1014
137
3004
-4766
4683
1613
664
-1545
2194
240
-3896
-3795
3213
4065
1330
3060
4798
1795
3252
-411
-514
4121
1718
1623
-4659
-4916
-3957
2091
3555
-388
4774
-1932
-3211
3280
-1126
2198
1859
-3269
-2695
1466
3135
4174
2574
235
-8
-4876
-2490
2528
4596
4269
2744
4742
3468
-3029
-2378
-2758
-3743
-4157
-117
-3376
940
-3168
-60
-2126
4515
-3078
-3156
-1224
344
2765
-400
-4639
779
3866
3921
3340
4416
-3145
-4745
2069
-3589
2259
4466
1871
-4584
-4246
4428
-806
-2521
-1631
3531
322
1620
4767
2355
1556
-3355
1129
1463
1821
4940
-3048
-3985
-2080
-2788
2968
-4554
-3020
3945
1424
-1973
4712
-2792
-4551
1879
4980
-1755
636
-3634
2125
-4156
-1203
-1730
-4876
1103
-4770
-715
1805
3662
-3935
447
-2233
3124
4366
-484
4476
-1338
-4995
-2144
-474
742
-991
1588
-4852
3870
-4430
-4789
3816
-3527
-956
1823
1607
3499
-4615
3993
-2244
-1744
-2416
4063
-2639
-62
-4840
-3529
4123
-508
901
-4150
-3016
539
2509
2500
4616
1677
-176
-744
-394
-3647
1266
912
4225
-3834
2775
1810
4731
-1088
4537
2591
-4419
-4291
-2887
-2587
1157
-1307
832
564
1501
-2640
1904
1293
3289
1761
-4820
1077
2733
2688
1776
4890
1432
-1722
3854
-835
1841
-3775
39
-2963
1549
4423
147
2149
1194
-2840
-611
2027
-1396
1916
1085
121
-1983
2731
1139
856
2738
-4421
-2179
2600
-4856
36
4917
-1843
-4279
432
-806
-4972
-114
4142
4154
819
1330
2293
1993
-1522
281
-1851
-752
-619
-4982
4794
-4171
3243
2347
-118
-3518
-399
-713
3470
2709
-4223
2959
-4899
-1164
3767
2218
2787
-1430
2361
298
-2192
4338
-216
2365
813
2063
4750
908
218
-586
3319
-4108
-4893
4057
-2435
4686
4849
4049
4411
2717
-4596
-1785
2291
-2412
-4882
3183
-2437
-3407
1059
273
-3327
2618
-211
4101
1232
-3405
-1085
-1829
-4357
-3911
153
-1676
3174
-995
-981
3600
2708
-3632
2292
-4587
3466
984
475
2680
4562
2684
-3476
-4260
-4227
-3790
3669
4788
1680
2562
1287
-3674
2879
-457
1788
895
3351
2370
56
1117
2708
1274
-1945
-1108
-4541
-1804
2150
-400
1586
-1078
4030
1836
-3708
4779
-3877
2541
1936
-2096
3244
-265
1273
-1658
-3997
3242
201
-3987
-2309
-4065
4342
4396
1545
-43
1430
1902
842
-2334
-609
4861
4140
-3576
3271
-1095
-4150
-281
1002
-3659
3919
1208
-3958
-1489
-4180
2877
1425
3034
3556
2963
-318
3930
-572
865
2573
2667
-4752
-720
-1103
2158
1321
2150
-4549
-2048
-3366
-2704
-4739
3385
2258
-644
-3798
1054
124
-2848
-2178
-4492
3641
-1333
-4261
226
-848
102
-2914
-2671
-2980
807
-81
1987
915
4018
-1321
4157
4550
-3653
4284
-4958
-268
76
4088
-2499
-3430
4367
-1752
-4710
3829
4746
368
4994
4712
965
940
-1710
-4359
248
-4847
-2249
-4971
3925
-2591
-1481
1860
1807
3565
-1969
1687
1478
342
-1563
-3634
1408
4908
-4535
646
-4250
1879
3565
4095
1496
-3036
3438
-2980
-1650
2359
765
2644
268
911
4655
149
-3088
-2553
1053
-1848
-3588
4888
-2711
-4737
3034
-2148
3406
-1461
-3263
-2787
-286
-629
4035
1404
1003
-3778
-3888
-2578
-1478
-742
-2501
3008
2665
-3691
2486
2412
-3059
-1024
3804
-2220
2760
-1277
3243
4970
-2034
-2717
-483
-1550
785
-4880
2401
-65
-4405
828
-533
-742
-1849
4214
1588
-4254
1053
-1772
-1793
-51
3704
1535
-726
-2212
-26
3208
205
2684
-3653
1401
-1070
4521
-382
4918
-2623
-147
2706
-3343
2582
-1034
1656
-723
-3391
-3786
-969
-757
1114
4596
-4855
-896
2831
2352
288
4840
572
4675
-1011
-2125
2854
4132
524
4445
-3500
-3081
-838
2668
-470
-4751
4340
3634
4803
1238
2638
1250
-3030
-93
-227
656
-59
-2568
1106
-4111
1967
-4899
-2061
1570
1825
-1691
2727
1444
1644
-4288
-2035
3300
-795
970
4794
-1655
-1811
3729
1725
-3785
4748
-3244
-47
-144
-2182
-2282
2254
-4182
-742
1106
-3268
-2436
-3693
441
1670
-1774
2139
3638
-1145
3552
754
4643
-4333
-1022
-1799
-2155
4516
-1518
3022
4145
-1824
-3517
-3067
1778
1219
-630
1844
-2973
207
2365
2251
726
2236
-1101
2030
-2137
2205
3723
-4432
3275
-511
969
4942
-1694
3970
-1173
-315
4731
-658
2842
3761
-2697
1376
-4997
1043
645
-3653
1813
-4275
4413
-3326
3885
-4995
3896
758
-2915
3317
3932
4732
2115
2611
534
-4070
2949
-2350
2640
1615
4339
3179
-158
-2548
-699
3545
756
-941
4339
-4936
-47
-2742
-781
-599
-472
-644
845
2293
2892
3452
2891
155
-2484
2567
-3044
2136
76
-2859
4935
-1134
-2366
3115
-4883
-2479
-339
2081
2423
4826
2638
-1941
4191
1386
-645
-3130
3306
-1029
-327
-1759
-3422
-2746
679
-2539
354
-3083
3194
-2190
-1925
-3773
1746
2727
-3884
-4381
3867
3117
702
-2950
-4209
-1391
-2187
-2102
105
-2499
3490
2268
-699
-1934
1773
-4280
4451
4772
-1360
-380
1083
-4254
311
1767
74
-3776
2692
-4551
3898
-1981
751
4105
1680
-2472
-2390
-2742
2030
-2863
1106
219
4921
-1123
-1295
2994
-2699
-4429
241
2276
-4148
2363
-2069
-4877
-3283
3337
4893
356
-2975
2503
-2822
-4724
-1015
-1875
2524
-4601
-2508
-2832
4357
-3819
-4243
-1148
4498
3650
-3632
1199
-80
3456
45
-1236
4345
-4974
4629
-1559
-1401
4391
-959
2862
-3047
4002
2243
825
339
-830
516
-3206
1727
-1789
300
-40
-4782
1600
-4096
-2113
3450
-94
3189
-1417
-1341
-1766
-286
-4494
3001
23
2116
3377
4887
-747
-3828
947
446
-4078
-3341
268
4625
3886
3085
-3874
-1827
622
-4805
-714
2918
-611
4170
-4923
-3667
-3376
3658
-1687
-4754
3348
-3975
4200
-4523
-3097
2925
825
-4064
3247
-3392
-3377
-3440
891
4389
-3550
2649
-1404
1082
-1733
1529
-177
-3882
3708
-1707
4978
-4223
2746
-3041
-240
-717
2153
-1148
2451
1508
-3950
-3199
885
-3277
467
-1530
-581
-2125
2467
3635
-2465
543
-4672
559
840
-1299
2679
-4505
8
-592
3552
-1245
546
3336
451
-1708
4837
4885
-2678
-1974
-3958
-983
837
-2894
1846
-3685
-524
2973
556
135
2229
939
-1358
-4622
-3254
358
-3714
396
-2986
2236
-1858
-4482
-76
-2492
3441
-4333
2691
801
-2764
-541
-1038
-2572
-1763
-3077
308
1067
1470
-4264
-3744
3976
358
1201
4025
3533
-3174
-1723
-1500
1923
-3861
-3719
4507
522
-4812
3412
-4819
-1269
1283
-1082
-4305
233
-3135
4370
-1516
-4826
4800
3837
3204
337
304
63
-2388
3020
-2131
4630
4465
988
889
-1687
1794
2075
-3278
-1078
2410
-329
3439
-1339
-1585
-4595
-2660
-1019
3466
-3616
3503
566
-4701
-2797
-1273
-1675
600
1607
881
771
-983
-627
1206
-792
-2572
845
3908
-2779
4632
-3009
-1658
-3166
-488
1783
2019
3158
622
-4194
833
-1084
4793
4811
-2397
4882
2676
4144
742
3541
3012
2129
-892
921
2782
591
-2061
-2115
-2477
4979
-2450
-3749
1066
-2906
-3539
-4284
1048
-4004
1187
-1350
-514
754
-2492
-569
334
1549
-943
-1925
-3157
1553
-894
515
3101
-3597
-162
-4108
382
-1738
-3206
-4616
-972
-4703
-1076
4607
3787
4450
2954
182
-3522
1180
228
4597
-750
3308
-389
850
-3792
-2054
-596
1124
-4244
-2886
-1075
946
2966
1137
-2125
2185
-1907
-3835
1406
-3796
-1429
-2242
-4446
3414
-943
-1943
4274
-4213
879
-2197
-1142
4316
208
-2671
4361
1786
2112
2966
1321
433
-2533
-3249
-1923
-3242
3396
-4032
2471
-2820
3966
-3551
2563
-3281
4219
3003
4643
-3085
-2322
3405
4295
-4793
3791
-1637
200
1923
-4837
-3403
-4526
-3663
-396
326
-2228
3192
-900
4995
741
-2590
-3238
691
3485
608
3639
926
2637
-3292
216
3566
468
-4565
2776
-3598
4879
4845
-80
-3118
-829
-4323
1734
4684
-454
1900
-4960
-2435
-3320
-2022
-3757
1435
2137
316
-2595
-929
-3558
-1255
-630
-560
-1504
-3122
-2825
2970
-1112
2866
3617
-306
-644
-1837
4473
-2109
1615
3071
822
-2726
4534
3615
647
-2881
1618
942
2132
4251
878
-2873
-3521
102
1137
-2260
493
-2054
-3519
3123
491
708
-2843
1451
4606
-3965
-860
-2324
-4133
4610
-1281
428
2800
1458
1336
-3410
4045
400
718
2757
2658
2535
-1130
3255
-3001
-498
-2617
-4115
-78
1778
1394
-4314
-120
1694
-99
4618
3715
-1338
-4854
1916
3084
-2684
2184
-215
-1210
-3335
-3466
1246
1303
3877
-2865
-4378
3875
-782
1543
-3216
1702
-2293
-3936
-1329
4782
1450
3097
731
-3805
-3810
3236
1700
2564
2363
1395
1879
1216
-2628
-1554
2986
2509
675
-2717
-2751
-4264
2497
3962
-733
-1847
4802
1156
-3850
-4542
-17
4496
-4378
-4203
-1881
-3015
-2363
-4417
1495
-4001
-4707
4181
-3050
-3871
673
4473
638
-124
-3295
3545
-3548
195
700
-4348
-4631
819
-3936
1770
1561
3953
-4675
-3969
-1536
-4534
3431
-4613
-1124
-1578
-486
1057
2222
3442
-440
-1366
-2214
-4887
1710
3758
1822
2335
-3547
254
-4176
-4102
2484
-2160
-1345
-643
2450
2216
-1445
3234
-1287
320
753
1395
4518
-1004
1695
-1516
-2195
4108
-2122
-3583
2938
-825
1549
-2016
1042
-4800
-3551
-4765
1496
-1312
-614
-3236
-949
128
-1159
-371
2140
-2248
-1938
-1973
-1858
4377
2470
3934
4726
1604
-3438
3528
2690
-859
-1917
-4273
-2682
-1041
-3791
-3351
4593
-4715
-3398
1475
-162
3842
-3913
4782
1671
4022
-3830
2534
-3389
334
100
384
4032
-1105
1652
-2944
4556
-1714
-2790
-284
3117
3487
-4903
81
1633
984
-1046
-4072
-1409
2225
3213
20
-1540
3290
4443
834
1626
1144
1847
-3218
-3573
-2866
-3501
4758
2307
3061
1678
-1027
347
3608
1739
-4034
-1966
-1650
-4259
1099
-2674
2244
2110
-111
-4160
-554
1311
-1783
-4506
-3222
2490
-2226
4010
4202
947
2054
2535
-2676
-2355
-4128
3723
-4353
-2056
-1384
3720
-348
3832
3609
4549
-4665
1698
-3616
1874
1112
4159
-2408
-3864
-1957
-3597
-5000
-449
1864
-3337
-4283
-775
1759
978
4677
1243
-4436
-3930
-382
-1060
818
2935
950
4486
-1704
4630
4601
-1766
-1507
-2804
2485
-400
-2823
1474
66
3340
-2319
-3603
2067
1803
-1786
4007
-2389
-1507
-1509
1560
-2147
-19
754
-2812
-3904
-4117
1298
2462
4955
3706
3062
2618
786
1173
4661
-1153
4029
-1091
-3127
1627
1281
2126
2958
-1567
-530
3456
-2055
-2226
1493
2600
1939
-1190
627
3086
2433
3337
1214
266
-1167
2881
4090
4680
627
-2315
2777
1338
-1631
976
-899
-2500
2653
3630
235
-2253
-4746
-3340
-1634
-385
-3482
1888
-1451
4656
-4310
4491
-342
3924
-1201
3914
2064
174
-3386
2308
-2328
-1325
147
-4082
-3760
1469
584
402
-967
-1406
3353
1646
-1085
2639
-4308
329
3575
-4274
-465
-384
449
552
-1067
4463
1608
1491
-338
-2821
-773
-3493
-2782
-836
-3511
3183
1290
439
2269
-3421
1068
1305
-156
-1085
1617
3873
2317
1703
-988
2020
3309
3233
-711
-2412
3547
-1037
1751
954
3614
2526
-861
-4688
-3631
3014
-3013
2827
2032
4785
92
2982
-253
958
-4607
-582
-4604
-2446
888
-647
-3891
2413
2066
1594
3299
-4901
-2793
1182
-4935
823
-1580
1425
-4541
-2006
-2125
-3444
-2280
4769
4164
808
-3550
-3443
-2835
-3075
2742
3811
2059
2776
2186
-3405
276
-981
-8
1846
4299
-1618
3502
433
-4897
-1085
-3986
-729
-2607
2071
-4775
4250
2288
4388
131
-2687
-3838
2484
-3069
3478
81
-4352
1658
-1962
-2097
-905
-1427
3563
744
1146
-4944
-4985
963
1940
1905
1798
-1324
1974
-1074
-922
2113
2640
-1595
-477
2415
3644
-1578
-1301
-3048
-2395
-3786
752
811
4117
-4237
-3300
785
2283
-4369
2926
2007
-853
-325
802
-3571
1040
-3551
4335
762
3437
-3074
2906
4745
2113
-1254
1305
420
1912
853
4897
-2773
-2290
1312
2832
177
-2338
-395
-1017
-252
2057
677
-1521
-185
-3517
4668
-2419
365
-1609
-542
-2432
1428
-3590
1120
678
-84
-1603
-3811
2830
-2301
-1172
453
3657
1982
-4989
2821
-1126
869
3056
2437
-3316
4220
3636
-2158
-2509
-662
-4204
-3817
-4518
1176
3724
1943
-2868
3095
1858
282
1198
-514
-2744
4658
4937
4415
-2197
4840
-3819
3573
-2151
4200
-3679
3837
2191
-1994
3712
-2963
-3232
3067
1261
837
4226
3392
-4481
-2159
-3869
4198
-681
-1832
761
3439
2422
-3484
-4058
-228
4300
-1298
1194
1780
-853
-1451
-45
-930
3498
667
879
4652
-2955
284
-1390
2628
-1742
3196
4707
2827
-4514
780
304
3424
4598
2505
3250
-2541
-4270
-4335
-1108
-64
699
3570
-2099
524
2653
-3695
885
-1653
-4952
-4444
1076
-709
-1039
-707
397
-1216
-1739
-4733
-87
-579
-2819
1118
-2568
-3284
-3476
3167
4787
-2454
-3850
3610
13
2882
3371
785
3464
-172
-543
3406
-685
-4606
-3744
2332
3761
-1817
582
3235
-2027
-1164
27
2254
3961
-280
-4065
3563
-1762
1196
-1057
1182
-2450
840
-1658
3314
3261
1941
4624
-131
3534
-1888
4730
2431
2914
1144
-731
3079
-4885
644
-3174
2930
4350
-332
775
-2799
1223
1682
1335
389
2439
-2380
-4256
1290
3336
354
-2282
3725
753
-466
2413
-4292
-2044
-651
-2085
-3640
261
3456
-4372
4393
4422
359
-977
-4753
-4819
2867
-1618
-3296
1255
1230
395
-4606
341
-3446
-2971
2119
2613
4586
970
-4912
-4356
-431
-2394
464
-2594
2037
-3942
-3202
2048
1040
1512
-3002
-1211
4355
-1189
-1635
-1035
-2906
-141
2542
2476
3632
958
4358
-4546
3536
-4750
-4775
3320
-634
-2986
-2082
1474
1521
4673
-4962
3344
-2442
-2534
-3340
2440
-3799
1998
1362
3246
-548
-2880
2688
170
2097
-4629
-1519
-1557
-4835
1075
2900
-2651
-4117
-1430
-2733
3942
3609
2062
-644
-4537
-1981
-2945
4714
1342
2427
4959
3999
656
-3374
-1022
-752
483
3670
-3804
-83
2625
-153
2058
4747
-4424
-281
4288
-2928
-4337
4830
3266
1867
-4621
3527
4166
-1283
2864
1403
-378
824
-2149
1944
4044
-4174
1900
-2131
-969
454
1257
-4891
2122
1415
1229
-787
-2013
514
647
3812
3448
-2305
3279
-690
-2883
-4333
-77
-3708
947
3126
-3104
3660
-1494
2956
-4244
4785
-4857
242
1088
-2417
369
-2762
4563
-3267
-4091
3795
3810
2215
-1254
-3240
2684
1942
-2257
4852
-3815
-3041
3472
2193
-4614
3093
439
-2246
1755
2763
-1858
-4711
-3931
-886
3571
449
1457
-4133
-1211
2997
4823
2274
3211
-4316
-3036
2056
4852
-3934
-1974
483
2857
-4940
3457
3924
-2626
727
-1093
3404
-4873
-1155
261
-1268
-3609
-4635
4762
4232
-1020
3430
562
-761
1879
2408
1543
1561
-4577
-1121
3800
3685
-4427
-3308
2630
4494
2442
-3166
-676
-4446
476
-3238
635
-1345
-4553
1476
-2845
-1326
633
-318
334
1725
-1090
-4094
-2617
724
3994
-4319
-4952
-2907
4693
-3786
1889
4242
2752
-1134
3060
4139
-1739
818
1708
3308
-2931
-770
-3858
-1951
4716
-1790
1752
1682
2886
790
2871
-3937
1797
4155
596
-1959
2194
1589
-4370
1802
4097
-2528
3251
-3022
-967
4416
-937
255
704
-4519
-3496
-408
-1914
2007
472
-3514
-2008
-3045
1657
-2704
373
-3261
183
2673
-4963
-1723
3358
-2920
3076
-808
-2995
2652
2662
-1778
2786
-2230
677
-318
1445
-2244
-274
4666
-3439
3528
-262
-3207
-1779
-1710
-336
3492
3944
-2657
-4904
-802
-3613
2759
1562
4899
1016
-4762
1252
1038
-3288
2591
3546
3319
1315
-1251
2200
-1060
3152
1848
-4653
-4694
-2771
2768
-3394
2024
-2048
-4262
505
368
2939
-2300
-3837
-3236
4734
-1563
-4880
-1063
3575
3702
-2907
474
-3644
4824
16
3068
-4695
-4528
4533
161
-2451
4774
-2364
-3012
3903
3542
3830
-1304
-1818
688
-3035
-4940
1813
850
2075
2335
-642
-4576
4067
956
2029
-3123
2476
-1326
-1211
1785
-132
-4877
2153
-3385
-4047
-2233
4496
-38
-1997
2500
-1989
3083
1989
3980
-3245
-1686
-2758
-4557
-1109
4590
-2492
156
325
-310
215
3711
-2432
-177
2012
361
-401
-3688
3186
1759
2149
-2794
4767
3936
780
2936
117
-3289
4070
-634
1903
810
-102
-4310
-1238
-1950
608
-4820
-1695
4343
312
-1031
784
1462
4644
4719
-294
4530
2021
1288
2182
37
1411
-1024
-764
689
3895
-4716
-4354
-1816
2338
-3959
2249
1732
-4383
2486
-389
1060
-3656
-4176
-4570
-3869
1882
4576
-2830
-4234
-2149
-1134
2857
4946
-3027
4189
2492
-1576
-3098
-342
4788
1343
1923
-2029
-382
1836
-3674
-2743
-2089
2255
3242
-1598
-1329
-51
-905
-2291
-4632
-1162
-3615
-4621
-3182
4035
-2725
-52
-3202
2926
1097
-837
3032
-179
1731
2103
3873
2732
-395
2295
4389
2566
-4109
-1238
1148
3056
-1046
2704
4300
-238
-2926
-4568
427
1667
-4785
1142
146
111
-2489
2016
-1235
584
3582
-3290
2590
1991
1340
-1171
2178
-1299
4033
2902
4860
-70
2367
1455
2685
-3735
-3355
3093
-2875
2742
-740
4164
-990
-531
-3527
4366
3287
4785
-2013
4963
-3751
-4315
2751
-861
3347
-1958
-4360
-3747
297
-3882
-3478
3027
-4871
-1747
-723
-2291
2781
-2209
-658
-1322
-4035
2590
2009
2022
-430
-663
-733
-3907
341
1962
-3980
-1639
-4698
-3991
-334
3621
4649
2427
-3512
-1042
-1062
-4197
1541
4498
-2655
2370
-207
2839
-4127
2902
3147
2150
1402
-2275
429
3362
1694
-4836
-3759
-2487
-4783
3024
3869
-2027
2505
-3864
-3095
2783
3717
4413
-3471
930
4186
-1313
2502
-4617
1864
702
-4929
-782
-2916
-3102
4558
-2040
-3761
1175
-947
-4612
-1829
2552
1990
-955
1101
-1402
418
-4308
1350
-1658
-1047
199
3083
2357
-4600
3182
-2771
-3928
-671
-4777
3379
-1580
-676
-1502
-4989
-1898
1132
-4893
3615
-4175
1740
2039
-1220
1698
-2313
756
4926
-543
2263
3906
-4880
3206
4118
1648
240
1926
-3920
4709
4966
4985
-4406
-1276
-4476
4296
-3157
-1893
3545
-1224
120
-1384
944
2638
2766
4023
4118
-3842
-3688
2157
1353
2132
4833
1530
2299
4334
-189
-609
1446
-4876
638
1580
-3031
-475
3652
692
-1247
4943
97
3152
4691
923
440
-580
-3787
-4813
792
2354
-3444
-1360
-499
-1407
-2848
-1884
1155
-2823
3884
-1807
2198
2214
2210
-4156
-235
439
-3973
4610
-2284
-2342
3164
973
848
1782
3940
3794
2622
4564
-1774
3507
3069
858
-2285
-2852
-4054
3509
4297
2372
-4751
1283
2407
-990
3665
379
4633
-823
4281
-935
-3072
1106
-1554
-4790
-4709
2308
462
1360
2993
4403
-4257
-1374
971
3314
-2063
-2396
-3409
-2666
3986
1902
3318
-2680
3984
779
-3489
-1210
3721
801
-2099
-168
-4850
-3113
-4949
-278
3718
4856
912
826
2287
-141
4222
2432
-2257
-4516
-4300
-1803
-3256
1651
-4861
-3855
474
2207
-35
-1291
4499
-1738
-2887
-3966
-1215
4427
3763
4308
-1016
1605
-4911
4526
-4625
104
-3583
4979
-1243
-989
590
-2658
-3631
-2363
1601
-2705
-3241
4252
-2653
4259
2886
2220
-576
3438
-850
-1832
1944
-1368
-4721
4800
2320
417
-1588
-3289
2405
-2078
-1361
3967
3232
-2846
-3066
-1789
3669
-2959
-4597
1281
-4058
-651
1617
-1101
100
-66
-2422
4393
-1563
1976
-1147
2852
-1023
-4531
-283
-1199
4806
564
1709
528
-3844
-2982
-4392
-4321
115
4779
3221
-2648
-1000
637
-3089
-1867
-1657
-3046
-4406
-2293
-1398
4360
3305
-4966
4847
-922
2061
2287
-1897
437
472
-3293
-2485
-3168
-3776
-1964
-2119
634
3183
1550
-2435
3347
1110
406
-2341
-890
-398
3811
-1832
3538
2583
-647
-2760
-1581
-183
-4285
-3071
-4548
3897
2460
-4529
3268
-2644
-981
3521
2666
2952
-4023
1857
406
-201
1375
-31
-467
3646
768
-1183
-1824
1575
-2431
4157
-398
-1925
-2063
1234
1764
892
-2359
-1599
-1329
109
3873
-2164
2781
-4427
827
270
4469
-4152
-207
-24
-303
1862
-3722
3653
4350
-4864
875
398
-801
-4604
2225
2714
-2915
-2390
-1194
205
735
-2138
1870
3074
434
1182
-2081
1331
-2922
1142
2841
-4219
741
-2297
-3312
2976
1329
878
-2344
4412
-2664
-528
1819
-4808
-3242
1211
4505
2899
-4168
-1768
717
-1123
3992
285
-1144
2616
378
4783
-4051
3080
1426
-2956
-872
-2935
1135
-2906
-4068
-1088
-664
292
-1769
3658
1730
-4061
3588
-1296
-325
-1327
172
4668
-2762
-1702
-4918
-2187
3219
4515
-758
-4410
-2822
3092
1741
2638
1332
3667
1516
-2832
3863
-3493
4326
-278
4140
-3332
2585
3234
-274
1499
-1047
-3876
2464
2186
383
169
-133
163
1424
3178
852
-3523
4104
4322
663
1985
-4284
-4663
-4798
-2857
-1174
1709
1391
585
2581
-2126
-3665
-2135
736
2362
-336
-1186
-2018
-4384
-821
1434
2964
-1714
1564
4999
3700
3823
1807
3407
-25
2095
4051
507
-2842
4638
-3362
-2605
-4412
-413
717
-811
-1269
-4419
2006
-4560
2834
-3099
476
-1024
664
1535
2398
4292
-623
-3168
3405
4954
4458
4569
471
-3859
-3047
-1951
1669
565
870
-4687
4573
-2147
-3584
4824
-4427
-2111
3277
-1329
-3339
-2186
-3918
1815
-1817
-4621
1227
-3186
-114
-3091
-3400
-1199
-800
2849
-2715
-2245
3586
4843
3492
-3812
3134
4899
4552
4949
4803
2983
-143
2687
-3142
4083
-1329
331
2576
364
-4396
292
-3051
-2275
4091
2433
-769
-4903
-1649
-2778
-3973
287
-3846
1114
3666
-1892
3323
-2508
2212
1754
4258
-2082
292
-747
731
4252
2304
4318
-4892
2086
2875
4409
125
4304
-776
1745
4219
-4757
1093
316
-1479
2308
-1582
3177
-1540
-806
4797
-4619
-126
-211
251
-3123
566
-446
-3468
-2307
-3582
1475
2604
-4649
3377
3955
-38
-1360
-2065
-4401
711
-3644
-1712
-2656
-636
3321
4890
-3747
4520
4721
-2207
-4306
853
-3478
3901
-213
3334
4928
-2567
82
1079
-255
-262
-936
4753
881
-582
-1930
688
3908
-3952
-3883
2515
1945
-1634
2053
1008
4982
343
2102
513
2301
-1621
-1462
-1329
-850
3072
-2542
-3143
1047
814
532
2737
2023
-3145
2142
-2477
4032
1474
-4875
-1421
-3990
-1437
726
1650
676
1000
1421
2813
4069
-3630
-4204
-3134
-1824
4926
-621
-1761
-505
175
4342
-775
-185
4426
-2420
-2378
-111
3534
4491
2263
-3800
3422
-2079
3734
870
924
2214
3448
3337
1523
2109
3102
4795
-4159
-2311
2030
-3345
3199
1372
3369
-745
-241
2443
-2567
-909
-943
237
3113
4403
2642
3394
2993
-930
-3775
-1295
-2100
-3221
-1889
4825
2183
908
2819
-1655
-4919
1323
-3833
-1797
4330
-195
-1438
-4149
209
4083
-4029
-2955
1901
-1457
-2874
1964
1264
-1901
-4329
2359
-2509
-4299
-3616
3591
3706
926
-3296
995
-2730
-4494
4843
4052
-2160
2155
4568
1996
2233
-4018
-4613
97
827
3615
2606
4584
-1398
3743
798
1789
-2483
-3997
-31
-2258
-684
-4399
4399
-3001
3525
-2556
-1692
-1479
3190
-4898
368
4899
2521
4061
-2744
-3726
-3665
-4170
1725
-1516
42
-1474
3414
-2727
-1452
4264
-4659
-1726
-1115
3608
804
-404
1749
-1002
4818
-3850
-2097
-4721
1309
-1907
-2291
-2507
4181
329
854
-2218
3547
-4144
-3791
-4182
2957
-2584
-4428
1845
-929
4538
4701
-4547
3335
4130
13
2790
-732
67
2812
-439
-2068
-1865
3757
2995
-591
-492
-2657
-887
4047
106
1436
4218
245
3193
1666
-2643
-242
-2592
-2229
936
891
4864
3420
-382
-3169
-3505
-3881
-1551
1366
-2216
-1572
909
1426
-3889
-3405
694
499
2834
1231
4864
530
-1860
2031
3196
4475
3395
-298
-189
2469
-1151
-1899
-725
4736
799
3314
-4516
-583
-243
2888
2972
108
-1969
-3350
-3962
-3625
-862
-3851
4266
-3353
-932
-4079
2782
-2366
-1072
-2029
-1727
-2144
-4863
578
32
2358
-2402
-4572
2418
832
-1988
-1227
-2946
11
-4319
4996
4124
1628
-3796
169
-2983
-4224
-877
-3962
-2284
-975
3044
2074
-4875
546
-4116
-3668
3166
3592
4694
-1494
4841
228
748
-835
2000
1089
-1543
-2872
4396
-1817
3487
3470
-2763
-295
-4829
2462
2057
3089
-218
-4100
-1240
-3226
431
-2387
-3797
3255
3220
-18
-4844
311
2216
-3935
4625
1109
-1426
-3275
283
4902
2059
4128
-1701
4049
-998
-2900
3531
-1097
-439
-4948
154
-467
3520
4026
601
-2024
-318
2798
-3389
-2140
-420
4700
1898
-1999
-3350
-1237
700
-4790
2873
-2322
-3627
2579
-1961
2240
3325
-306
4710
-2735
-94
586
-4160
1111
-4192
-1302
-2507
-4013
-4771
925
767
802
-4030
-4482
-3690
-3956
-4813
2458
-1680
3196
3919
3338
1616
-3172
-3358
908
2863
-4627
-792
-4846
-3016
4928
-3251
-4217
141
-1708
-448
841
1496
4716
-1706
-2376
-4772
1148
-4278
2729
-4407
352
3666
71
158
4537
1501
4791
-3656
3173
4936
-2842
-3911
-4518
4288
4993
-252
-4353
2753
4577
1061
726
1261
3569
2077
-4374
1865
3805
-4165
-4991
-1327
-3447
375
-3682
-2084
-1717
-713
-2378
-4886
-3930
2228
-4244
-3847
2515
2823
-629
-825
-4210
4381
4976
3026
4107
3722
2962
3739
436
-3286
-337
1594
-4224
4738
-284
-2358
-4831
-3820
2456
-123
1929
-4495
4534
-1878
3146
2633
-3515
1386
-2263
2191
-43
2339
-3890
-2184
4472
4340
4987
1650
-3413
2863
3094
-1200
-1424
-132
-683
2979
-4871
2618
-2635
4597
1619
2896
-3801
2815
-1379
-4158
3464
-2709
3491
-2625
-1077
659
-1333
-3961
2789
648
1867
-2678
4436
-3745
3509
-4836
4205
-4586
-2831
-3100
3393
4164
-4427
3508
-4517
4990
-1293
2467
2632
3269
2303
1445
-3900
1453
-3268
1980
4685
-2279
1490
-1352
-298
3314
-3698
2954
-3926
-1401
2741
-4378
-709
-4115
-2106
758
-4778
-4281
-836
-500
1061
-2926
-2948
3936
2689
1159
-1519
-2553
-1055
3939
-3854
4100
867
4676
-3971
-2680
150
-423
-4030
-2106
1842
4300
-4401
2081
4773
2204
4195
-4794
986
2418
2576
-570
168
2533
1778
4556
2596
-1303
-3321
-4323
4052
-3837
2874
-2275
1810
4695
-1312
-115
-2871
3618
3534
4114
-1186
724
2773
3394
2366
4821
1596
3656
-352
4920
-3960
-2057
3319
-3316
3721
-3846
-1529
-4433
3732
-822
-943
3006
4793
-519
-3284
712
-3616
-341
4514
1600
-4299
3716
-2796
1777
509
1484
-1413
3932
4836
4831
-2052
2332
2821
2658
2375
1755
4661
256
-2819
2669
2860
4354
4059
778
-3823
4908
-4857
-3654
1216
1364
-1978
-4920
3403
4398
-2281
521
2427
-1917
624
4278
-1711
1585
1219
-3852
-2003
651
-3508
-1419
-2166
-3344
314
-2840
2692
-3063
-4473
2555
615
1884
-2410
-880
1429
926
4248
4302
4259
-1643
1179
-3314
3154
3628
-4320
3654
-1355
-337
-4633
4547
-3693
-3930
4233
4383
-1189
2559
-702
-2094
-2625
-2748
-3527
-2924
3583
-885
-4659
-3152
-1022
-932
-3219
-187
-717
1709
-748
-1770
310
-246
-1680
4001
1014
-2128
-2610
1725
-1652
1528
-4445
-1172
-3874
-3887
-3671
-3168
-1471
-698
-812
1258
-4436
-2801
3392
-1939
-3908
-4861
-2311
-3455
-835
1114
4614
-2076
-4404
-3215
2227
-1909
-1898
-2761
4346
2182
-4965
-3836
-4514
81
-2203
-4086
2931
2566
-1713
-845
-3043
3552
-700
-3367
-1709
-1685
326
2853
672
807
215
-16
1414
332
2343
-3291
2799
-3097
-2598
1575
1809
4498
2981
1950
-3267
-175
1253
4909
2309
-4744
2284
4447
1975
-837
4874
160
-2949
4190
-2332
3688
405
3515
1763
2706
-249
-767
-4053
2779
3078
1657
-3946
-1195
1590
1012
2733
-3333
3989
-3487
-30
-2305
-3246
4763
1037
-1409
4952
2462
-1887
295
-4310
-2246
1306
-3345
-2803
2432
4038
1285
1276
2729
637
-1626
-2996
3014
-66
1109
-1875
-4766
1703
654
-3782
-3228
-960
-4396
-4803
-3631
-3195
694
3618
2078
3999
-2463
2374
483
462
1135
667
-2742
340
-3651
-3893
1495
-2640
-3862
-345
2098
3254
-2533
3195
-385
2536
4699
2527
3967
4755
-3744
1228
-3905
-4935
3833
-1543
3310
-266
-2701
3826
2237
4753
-4725
-1388
4543
1441
-4019
4503
-689
3417
-2805
-744
1520
-318
2442
-2590
-2593
2515
-57
2377
1398
-3361
902
1251
-4454
-4756
-3798
-894
4979
-4341
-1423
-830
1452
1337
1911
3132
-96
-303
-3781
3509
2149
-4901
638
3494
4453
-4267
1831
4760
-2282
4893
676
-2516
1707
2680
-244
-3244
4340
3234
-2897
673
-3695
290
1342
2330
-1372
-3239
1943
-762
4803
1864
-631
2007
477
2075
4166
4883
180
2037
902
-1744
-888
2073
-2600
-53
-4475
-2990
-4764
4980
-493
464
-549
-4678
2811
495
3664
223
3737
4294
-3008
2487
-3156
-4855
348
2499
123
1004
-3368
-4972
402
4164
-1317
-290
2762
-1045
1831
1131
4422
-160
4963
3544
-1191
281
-301
4720
373
-1498
-439
-1565
-369
435
-2251
-2669
2862
4778
-3624
-1413
-4589
-734
-4618
4173
3778
2280
2954
-3978
-1266
3544
2163
-2289
2162
-3800
-36
899
2668
4417
1706
-1432
-1580
1339
-1650
1884
1258
2437
3370
-4690
4606
-691
-2736
-3515
-2791
1442
230
705
3113
-3293
-3306
-532
1833
419
3938
1180
1343
1516
-2907
633
1214
-2291
3428
-2363
-2500
-4654
-2573
-3395
-4658
1358
2916
-4965
848
1064
4602
-3180
-1215
-2209
-2501
-523
-3814
-518
4420
4757
-4017
-1103
3863
870
4542
-1294
432
-3826
4277
-1567
-3387
-1571
4240
2047
3835
4634
-481
-219
4309
4590
3974
-163
-232
-3316
-4369
-51
1642
3724
-2534
2898
-3672
-1933
-892
-1611
-2521
3137
-1835
-4244
4082
1238
-2557
415
1202
-4959
2565
3813
1980
-1737
3826
3164
2515
3021
3831
-2943
-3745
-2478
-2441
-3135
2470
-2309
1580
4845
438
2860
1148
4931
-1164
-3104
792
3871
3935
3254
2942
2654
-3746
776
-2418
-3702
-2584
2792
697
1399
-4766
3418
-3963
-3864
-2014
-1208
1245
1599
-173
1910
-2331
2912
4433
-2205
-4852
448
-572
-216
-246
-3889
2714
2656
-1639
3407
-3347
596
-3200
-3120
3139
546
-4567
3066
-2188
2265
-3260
2214
-4281
-3596
-491
122
-3291
1889
1977
942
-1793
2236
-154
2927
3722
-3924
-4256
-4224
3064
2458
3831
-1848
-141
3450
-2338
-803
-3453
4200
-2937
-1062
-1489
-4080
2665
3503
384
-247
-3421
2870
2528
2159
-3397
-2259
-4846
219
1567
3237
1243
-1934
3885
2454
2957
1671
-2946
253
3845
-2915
3101
-93
-1237
-387
4261
-2629
150
513
-2408
4983
-1150
827
908
-4537
1177
-3436
2975
4720
2414
3893
3148
-3627
-4742
-805
2838
-2187
-3555
-1685
433
-3696
3446
-3502
-2688
-2105
-1586
2567
1544
3407
3870
-1824
612
738
4993
-1858
-1438
-3102
-1709
4726
2426
3930
-135
-1876
1215
-1596
-4821
3230
-3282
1888
4972
746
-4892
3384
4122
1229
-580
-4163
-3167
-1478
3349
-228
4938
-2365
689
-2173
-4112
166
-4886
2187
4259
-2553
3120
1265
-3835
-4602
-434
-2972
-1598
2605
-1302
-4659
-2451
3977
2634
-3626
-458
-4782
2772
425
2168
4520
1086
3462
2302
-2660
2997
-1200
4133
2632
-4727
-2940
4668
-4276
4340
-3481
-1848
2950
4667
-2292
452
-2595
3773
-4017
1622
-3798
4377
-3744
3997
-1532
-4099
-4097
1398
-1290
3497
-4960
-2514
4863
1681
-4261
-2830
-202
3841
2660
3666
-2376
4171
386
932
64
1596
-1875
2548
-383
3212
3849
2665
4787
-1452
4010
3107
-617
-4662
1794
-624
121
4568
2718
63
4369
-2069
3898
-2660
-4858
-1929
3100
-1591
-288
1960
1956
-1379
-1448
-3181
-2850
438
2862
875
1616
955
2583
1439
4534
2060
545
1984
1112
-581
-300
1105
4549
3283
2918
823
383
-4842
-357
1216
-2382
-4395
-824
-416
-3198
2953
-2014
-4122
-2336
-417
920
-2307
728
-1169
874
-2882
4299
3085
-4588
-3373
996
-3672
-3797
-3898
-2840
-63
4978
3592
1615
3446
-3335
-3346
-1702
4555
3075
1958
1920
1706
2227
4263
-2455
-3807
1602
-3050
4630
538
-992
-4219
-4518
457
2933
3478
185
2046
-1246
3405
2732
-1638
3880
-4733
4078
94
916
-3129
-3977
4046
4774
-1633
-2398
-4987
-4707
-324
-4676
-3485
2386
2315
668
-3663
-3811
-3768
2905
1092
2951
-1603
2573
-1936
4253
4777
3332
-2124
-2163
555
-4528
-1965
-4239
-4291
-4339
3043
-3451
1022
764
-3106
1238
-3592
4126
-2762
313
-496
-1154
-1882
-987
539
-788
-29
591
-2163
-4302
-3055
2400
829
4436
-366
-4267
501
-2471
-1559
1906
4534
2176
-2883
1139
3624
-3039
1017
-2991
-4306
4754
-2880
4606
-2136
4786
2125
3869
-14
-3514
-3447
-2207
586
-1843
1558
976
719
1217
3384
-3597
-2251
-2659
995
-2851
-3740
-378
-4976
-1339
-144
2103
4521
-4334
1028
701
2307
1779
-4408
-3989
3180
1432
2513
1659
-3030
3696
359
1010
3283
-3025
-526
-4097
-2102
-1236
813
1168
3063
197
-3059
-2592
896
1519
-1765
3665
-4061
-114
-2451
3250
4630
4284
-3245
-4035
469
1562
4028
1056
4506
417
-1639
-139
763
-2941
-631
608
2573
-1053
-1628
-4875
1207
2030
-316
404
4001
84
2429
-1918
3067
2167
4508
2965
2906
-2801
3709
-533
381
2055
1207
2248
3966
-2201
1283
2826
-3308
2911
4474
298
-812
-771
-3796
1874
2552
-3380
-3748
1717
2232
-1735
2392
3055
-1419
-1965
-2649
459
1557
190
380
-4789
904
3203
55
-2121
2569
2488
-4374
933
-3920
-2201
1128
-1487
4836
-1442
3209
3241
4974
-2445
-2773
248
3160
-2046
2739
493
68
-412
-3487
2599
474
4829
4705
1327
233
-957
2302
4098
-2561
3270
161
3594
-2972
3456
-4889
520
1360
2986
1968
4383
-4884
-696
1732
-2720
-3882
-3806
-3360
-4562
-3010
288
3950
4349
1373
4482
1827
1644
4374
-1127
273
12
-3084
-3723
2957
2732
1219
-900
2043
-1709
1371
2292
3781
233
-985
-2787
315
-3103
-1804
4750
3188
-1785
-1595
-2742
-4430
2402
-1069
-4113
2787
2439
-3887
59
1348
-134
3869
4571
-3455
-591
1507
3489
8
2902
-3684
-4431
1899
2537
4195
-4200
-845
1920
-2376
-3014
1234
-1908
-610
4006
-4143
-4614
-3361
-4920
1400
-4846
2991
-2548
1020
-4577
3773
4874
3874
-2789
-4554
-2782
2578
647
-1724
2996
-761
3780
-2108
236
-3518
-4703
1061
1737
3982
2865
4572
2425
-1601
-488
1909
-3101
1908
1506
3124
3152
-3637
1072
-1559
-1306
771
1663
3345
-3581
2301
2791
3017
2114
4284
2510
526
-4691
-1445
-1914
160
-1040
2765
-2742
4133
-1147
4144
-4736
617
-1182
347
-1798
-1997
187
-1898
-2753
867
4244
953
3010
4024
1992
-1763
-820
-2290
1103
4174
-1621
-1180
4751
-1198
4661
-1732
-3038
-1133
2650
-501
-3280
24
-1290
3472
-3511
4002
4048
-2127
-1583
-4078
-1533
-2511
1800
1064
3942
2255
4821
2070
-1815
1528
206
-3069
-1410
-4885
3575
-3605
-2798
173
1413
2643
-729
-3901
3245
2603
1967
877
93
-3684
311
3139
583
4945
-2210
742
3510
-669
3408
-423
-1586
3804
2259
4697
-2540
-1844
1229
-1785
4423
1754
2000
2807
2282
818
1603
401
1776
-611
175
-4716
2258
846
4291
-4486
-241
1001
4132
-1913
-1471
2366
1844
-4277
-2600
-1261
4429
-4041
2565
1344
-4469
1244
-1307
2307
467
3583
-3784
-1757
724
-4232
-1811
1522
-615
-3622
-4964
668
-4665
-4659
1551
700
-343
391
-1170
-4418
-346
4361
-3722
-4209
-3252
-3531
-3995
-48
-1909
4686
724
3418
-4400
3336
3185
-2165
-3796
-3746
4808
478
961
1986
-610
4121
2297
398
-3382
3008
-1870
-2278
-3184
4455
-3702
4039
-2325
-76
-3022
4936
3479
4979
-4798
1968
4184
4979
-2262
1366
1274
-3139
480
-795
1910
-2091
-4869
1008
93
-4118
-2229
-2765
-988
-729
-2062
1796
3612
3052
-2909
-3848
1677
-554
-1002
-797
1119
-2997
3701
-2601
1397
-478
-1514
-2083
1286
462
-859
-2302
4169
-2132
-4484
-1704
300
2738
-558
-1410
-687
-3497
-274
-2406
2678
-4703
4263
-126
-4400
-694
-326
-3638
3315
-1812
-2874
4887
4864
2475
-1609
4162
-3349
-366
-99
-1048
4567
2853
1992
735
-1983
1861
-30
1443
3574
-4397
1401
-4721
1522
-2036
-2392
-4009
-570
-2510
-542
-2575
-571
-3941
394
-3692
3611
3810
1969
-4024
-1318
220
-3187
-3779
-4061
-3979
1698
-4728
3182
137
3855
344
-4699
3646
4104
-473
-4093
46
-2484
-4996
772
-941
3922
-2179
-3223
4651
-4811
-2175
-2852
-1813
3785
-2077
-150
4480
2088
-509
4705
-80
270
-1033
-777
1519
-1491
-4177
1364
1118
-4450
918
-546
3870
3941
-1404
-4545
2594
1839
-2016
-2907
1777
-4245
-365
-4810
267
-3662
-728
509
4483
-3196
3183
2117
-1445
-1487
-2527
-1935
4382
4880
4445
-1770
-2202
-129
1089
326
-2835
-3064
2661
-2358
-3151
-3091
2353
-4405
-3503
-2832
-1874
3101
2036
-991
4810
3768
2793
-652
3605
3092
1640
3758
-2711
-4992
3495
-420
-2282
-4225
3593
4704
1835
-2224
-414
297
1937
1961
3477
4142
-4127
-4689
-2
-2345
518
1349
-1045
1641
-675
1934
-4203
1675
1641
2688
173
1257
-3549
-105
-3663
3045
-2082
-4925
-211
3956
-2968
1312
-1698
1356
-2979
-1216
2787
840
-1210
2247
204
2454
-2545
-1086
4
2702
-2043
148
-3909
-3857
-1282
991
-276
-2441
2643
732
-1378
3534
-4392
-4473
-2875
-3120
-3379
-4871
4520
4837
-4179
3411
2733
-2241
-1869
-4203
-895
-4512
-2868
-4008
-3580
-3323
-3433
-3810
-2368
1906
1785
228
-1302
-4325
-258
-4528
4290
-1763
3130
-4867
-3947
-4473
-115
1521
-110
24
-4508
983
1897
-4314
4764
-1875
2606
-2136
4674
-1924
-4595
2385
-4858
-1585
1704
3786
-4914
291
3372
3178
4487
858
-4590
-2492
-3866
4587
-1583
1341
-148
489
-4272
2121
584
-1874
-4311
1265
-3914
2565
-1223
-2973
4805
2033
2405
1479
-1354
-2020
3766
-1191
-1759
-1744
-1163
-4265
-174
236
2193
1496
-672
4516
-2339
-937
4158
-1656
3895
-4964
3675
-3314
2899
-1643
-1948
-2802
-1386
-1866
-2935
1675
2942
1514
-164
-4455
4895
-1132
3957
-4513
-568
-73
-3501
3963
2804
-3618
-1618
2060
2221
-3752
1752
-1152
-2229
1060
210
1482
57
4053
-3510
4767
472
-3917
-3791
4510
3021
2718
-357
-4902
-2378
1999
3680
-443
-4917
556
1295
4202
-2129
-1464
-3022
2375
2981
-843
3229
2405
-1457
-3433
416
4614
1553
3750
3164
586
-956
-3745
-4974
-4850
-905
-1480
4935
-574
960
-3874
3940
1988
768
-4515
-2679
2302
-1563
3579
-3615
1225
265
-1151
2417
-307
-2057
-1753
4603
-4314
2973
-1701
2879
-636
-4835
2942
2464
-3617
-706
1659
2900
-2699
3472
4133
2406
818
-1747
4011
-2010
-1189
-3270
2539
-1585
-3721
3949
1761
-983
1434
-2760
3481
5
1279
1267
-3431
870
-2543
-2536
2148
-4065
1366
2472
-4308
1047
-4039
4587
-2249
-2663
-4670
949
2781
1384
-412
-3149
2907
3472
3955
3109
-457
-4936
-2784
-1098
4081
67
-3309
3414
-990
-1467
-2460
-2455
3844
691
-170
3912
3150
179
3408
4901
-4390
-2317
-2632
-4373
-3820
1045
1038
-1852
-4143
-3288
-557
-1211
4458
-4718
-2251
-2524
4036
1753
1528
2858
3245
3905
2370
1602
3060
-145
1890
4257
-2795
2044
2494
3776
-3679
-714
1305
4437
2374
-288
4141
-1360
1184
4698
634
-1807
251
2075
3323
1127
2516
-3894
-687
-1774
-1365
-2227
1086
-1718
3255
-360
1152
-1111
-10
4551
4697
3235
3023
-1913
-4009
2950
2070
-1202
-1580
4652
-3605
2747
1452
2813
-464
-2760
4902
1570
3717
-452
-814
-4908
4770
2781
-4707
-685
3936
1570
-812
-3262
-4636
-233
-1501
80
-3255
-2326
-4760
-4190
-3431
3394
2136
1435
-4456
-625
3693
-4723
-3347
76
2364
3721
-1939
-4159
-4849
1907
-2826
-75
3347
49
-4843
4481
-4336
-2206
2804
1376
-3472
-4869
-2556
-3470
-3106
3693
306
304
4989
-4462
3017
361
4610
4726
-2971
-2373
-2065
-2606
4127
430
-4228
-3725
-502
3450
-2060
-4535
2472
2584
-3927
-2660
3161
2214
-4587
2585
2914
4100
2063
4474
3622
-148
-122
2628
-1164
-2785
3005
-38
-4324
-2199
3267
-353
2767
-4426
1294
808
-2334
3263
2835
-2033
3502
4253
772
4292
3528
4782
870
-3522
3752
-3324
238
4639
968
-1173
3528
-1178
-2725
2547
4724
1134
3127
-1861
-51
4
1824
3263
-3385
-2442
-1389
4808
197
1478
363
-4078
-2156
862
1396
1019
919
-3667
1466
-3434
111
1247
-788
1791
4279
2187
-1373
-2854
-3350
4598
-2327
-3356
4337
102
2344
4331
-883
-3503
-4576
2682
4237
-3501
-3725
-580
925
-2867
1569
-4943
-3909
3563
3580
4734
4391
622
2455
-2817
4278
-3320
-176
-4280
3747
-3561
3286
-3623
1491
1480
-1095
2783
-3197
1757
-3715
-873
-768
-1367
-1702
-2754
-909
4391
1300
-300
-3049
1643
1073
-2337
1256
2064
-1300
-3764
4250
1793
-2746
-4720
-4573
-3661
-3325
-4244
-218
-3825
3208
4303
349
-3618
4399
-75
-1678
-36
-4124
1150
-1126
-417
-1696
2361
4015
-3903
3631
-545
-4776
-4423
-2496
1292
-3689
985
328
-505
-3970
2816
-2940
-1837
-3761
4382
-1735
3743
-3585
-568
4281
-1320
-1433
-1502
1861
4190
-585
3129
4297
2835
4038
1779
-71
-3616
-758
-2675
-1338
-3886
-640
1236
-4644
145
-1847
-4720
4395
-1934
1874
-2246
-2400
-1438
-4194
-2049
-1760
4034
-638
-3332
-2287
-4845
-388
4345
-3180
-409
-4815
-3438
3154
2102
-3806
-896
1874
-1838
-3830
1511
165
1026
87
-4424
-2514
1851
-2382
-1177
-3999
2189
-1700
1287
-2553
-2951
4535
4401
2811
4705
-1585
-3693
4693
4375
3843
1269
3200
3543
692
3783
-4439
-1583
-4248
326
1862
1534
4347
813
-399
3556
244
-3944
3392
-316
-369
-2428
-573
-2959
508
3938
-4759
1035
2643
1291
4590
-4791
-2255
-1299
3269
-4427
1220
1108
-1458
-4142
1072
3300
-315
4712
-629
386
4103
1520
-4629
-4958
4849
-4917
4186
666
-4329
284
2595
-1722
3165
-842
-1236
-4347
-2395
3232
3439
1745
-2250
3654
-4729
-644
-74
-503
2980
-1131
-2412
-3386
-4054
-4886
1108
-1949
-3316
1656
4680
229
4449
-2499
-681
1648
3856
-4977
1196
4294
-2258
3269
2334
-303
-2767
-4957
4375
2539
4831
4771
-1788
-342
3960
-610
4504
-4342
-4131
-4965
-4899
274
-469
-402
-1592
3400
-1128
3186
-3384
-2672
-1687
-1567
-757
-2193
2893
-3217
-4756
3295
618
3975
-1284
-3365
2162
-451
4140
-1430
-3663
-2301
-2955
-2104
-74
4023
869
80
3564
-3863
2471
1302
2835
-1733
1949
-3952
-3168
-4991
4460
-3435
-130
-3529
-2429
-2498
927
-3726
4601
-4551
2275
3023
-4669
204
3939
-3641
-2705
2150
-1893
-3404
-543
-959
4226
4237
-4537
-1020
2631
1053
3146
293
2794
-4494
276
-821
-1165
1378
2200
3666
-1773
